{"cameras": {"Camera0000": {"frame": 0, "pose": [-0.2216206043958664, 0.32589447498321533, -0.919063150882721, -0.975132942199707, -0.07406642287969589, 0.20887762308120728, 3.3752999684111273e-07, 0.9425003528594971, 0.33420509099960327, -2.200000047683716, 0.0, 1.2999999523162842]}, "Camera0001": {"frame": 1, "pose": [-0.2647511661052704, 0.31830212473869324, -0.9102694988250732, -0.9643167853355408, -0.08738920837640762, 0.24991260468959808, -2.051645786593781e-08, 0.9439527988433838, 0.33008044958114624, -2.201643466949463, 0.15679270029067993, 1.298356533050537]}, "Camera0002": {"frame": 2, "pose": [-0.3052618205547333, 0.30849236249923706, -0.9009149074554443, -0.9522684812545776, -0.09889136999845505, 0.2887997031211853, -1.975393502107181e-07, 0.9460723996162415, 0.32395532727241516, -2.2065556049346924, 0.31186753511428833, 1.293444275856018]}, "Camera0003": {"frame": 3, "pose": [-0.3423991799354553, 0.2969754636287689, -0.8913856744766235, -0.9395545721054077, -0.1082262322306633, 0.32484501600265503, -3.1353869189842953e-07, 0.9487321376800537, 0.3160812258720398, -2.2146830558776855, 0.4635255038738251, 1.2853169441223145]}, "Camera0004": {"frame": 4, "pose": [-0.375628799200058, 0.2842823565006256, -0.8820921182632446, -0.9267702102661133, -0.11522213369607925, 0.3575204312801361, 2.1791369420043338e-07, 0.9517917037010193, 0.30674517154693604, -2.2259364128112793, 0.6101049780845642, 1.2740635871887207]}, "Camera0005": {"frame": 5, "pose": [-0.4046175479888916, 0.27091118693351746, -0.8734367489814758, -0.9144859910011292, -0.11986551433801651, 0.3864552080631256, 8.671613471733508e-08, 0.9551122188568115, 0.29624417424201965, -2.240192413330078, 0.75, 1.2598075866699219]}, "Camera0006": {"frame": 6, "pose": [-0.42920225858688354, 0.2572924494743347, -0.8657863736152649, -0.9032083749771118, -0.12226454168558121, 0.41141945123672485, 1.412508225939746e-07, 0.9585676789283752, 0.2848649024963379, -2.2572948932647705, 0.8816778659820557, 1.2427051067352295]}, "Camera0007": {"frame": 7, "pose": [-0.44934675097465515, 0.24376952648162842, -0.8594555854797363, -0.8933574557304382, -0.12261273711919785, 0.4322946071624756, 4.592751423615482e-08, 0.9620512127876282, 0.27286896109580994, -2.2770564556121826, 1.0036959648132324, 1.2229434251785278]}, "Camera0008": {"frame": 8, "pose": [-0.46509605646133423, 0.2305961400270462, -0.854699432849884, -0.8852602243423462, -0.12115004658699036, 0.44904008507728577, 3.798498582341381e-08, 0.9654781818389893, 0.2604840099811554, -2.2992608547210693, 1.1147172451019287, 1.2007391452789307]}, "Camera0009": {"frame": 9, "pose": [-0.47654151916503906, 0.21794360876083374, -0.8517093062400818, -0.8791519403457642, -0.11813553422689438, 0.4616663455963135, 9.173542281359914e-08, 0.9687851071357727, 0.2479020357131958, -2.323664426803589, 1.2135255336761475, 1.1763355731964111]}, "Camera0010": {"frame": 10, "pose": [-0.4837867021560669, 0.20591118931770325, -0.8506180047988892, -0.8751859068870544, -0.11382393538951874, 0.47020602226257324, -7.1851373739661994e-09, 0.9719283580780029, 0.23527708649635315, -2.3499999046325684, 1.299038052558899, 1.149999976158142]}, "Camera0011": {"frame": 11, "pose": [-0.48692768812179565, 0.19454319775104523, -0.8515012264251709, -0.8734422922134399, -0.10845429450273514, 0.47469595074653625, -9.85311956469559e-08, 0.974879801273346, 0.22273164987564087, -2.377979040145874, 1.3703181743621826, 1.122020959854126]}, "Camera0012": {"frame": 12, "pose": [-0.486035019159317, 0.18384131789207458, -0.854384183883667, -0.8739393353462219, -0.10224216431379318, 0.47515952587127686, -1.3263276343877806e-07, 0.9776241183280945, 0.21035942435264587, -2.407294988632202, 1.4265847206115723, 1.0927051305770874]}, "Camera0013": {"frame": 13, "pose": [-0.48114728927612305, 0.17377808690071106, -0.8592429757118225, -0.8766397833824158, -0.09537859261035919, 0.4715990126132965, 1.9050877142490208e-07, 0.9801551699638367, 0.19823192059993744, -2.437626600265503, 1.4672213792800903, 1.0623735189437866]}, "Camera0014": {"frame": 14, "pose": [-0.4722674489021301, 0.16430485248565674, -0.8660065531730652, -0.8814553022384644, -0.08803188055753708, 0.4639902412891388, -3.360937341767567e-07, 0.9824735522270203, 0.18640197813510895, -2.468641519546509, 1.491782784461975, 1.0313584804534912]}, "Camera0015": {"frame": 15, "pose": [-0.45936375856399536, 0.15536430478096008, -0.874555230140686, -0.8882482051849365, -0.08034747838973999, 0.4522823989391327, 2.3064725951371656e-07, 0.9845842719078064, 0.1749107986688614, -2.5, 1.5, 1.0]}, "Camera0016": {"frame": 16, "pose": [-0.442376971244812, 0.14689281582832336, -0.8847175240516663, -0.8968291878700256, -0.0724574625492096, 0.43640267848968506, 3.149999017182381e-08, 0.9864950180053711, 0.16379128396511078, -2.531358480453491, 1.491782784461975, 0.968641459941864]}, "Camera0017": {"frame": 17, "pose": [-0.42122822999954224, 0.13882990181446075, -0.8962661623954773, -0.9069546461105347, -0.06447875499725342, 0.41626399755477905, -2.3302699503346957e-07, 0.988214910030365, 0.15307269990444183, -2.562373399734497, 1.4672213792800903, 0.9376264810562134]}, "Camera0018": {"frame": 18, "pose": [-0.3958359658718109, 0.1311209499835968, -0.9089120626449585, -0.9183212518692017, -0.056518834084272385, 0.39178022742271423, -5.611272513306176e-08, 0.9897539615631104, 0.14278334379196167, -2.592705011367798, 1.4265847206115723, 0.9072949290275574]}, "Camera0019": {"frame": 19, "pose": [-0.36613425612449646, 0.12372247874736786, -0.9223006367683411, -0.9305620193481445, -0.04867935553193092, 0.3628837466239929, -1.199797878825848e-07, 0.9911221265792847, 0.13295462727546692, -2.622020959854126, 1.3703181743621826, 0.8779789805412292]}, "Camera0020": {"frame": 20, "pose": [-0.3320977985858917, 0.1166074350476265, -0.9360094666481018, -0.9432449340820312, -0.041055019944906235, 0.3295503556728363, 1.3472475757225766e-07, 0.9923291802406311, 0.12362365424633026, -2.6500000953674316, 1.299038052558899, 0.8500000238418579]}, "Camera0021": {"frame": 21, "pose": [-0.2937697470188141, 0.10976756364107132, -0.9495527148246765, -0.9558762311935425, -0.03373494744300842, 0.29182636737823486, -4.350536286779061e-08, 0.9933846592903137, 0.1148345097899437, -2.676335573196411, 1.2135255336761475, 0.8236644268035889]}, "Camera0022": {"frame": 22, "pose": [-0.25129106640815735, 0.10321775078773499, -0.962392270565033, -0.9679115414619446, -0.026797562837600708, 0.24985812604427338, 2.638022778000959e-08, 0.9942977428436279, 0.10663963854312897, -2.7007391452789307, 1.1147172451019287, 0.7992607951164246]}, "Camera0023": {"frame": 23, "pose": [-0.20493099093437195, 0.0969960168004036, -0.973958432674408, -0.9787763953208923, -0.02030841074883938, 0.20392224192619324, 9.684766411055534e-08, 0.9950775504112244, 0.09909924119710922, -2.7229435443878174, 1.0036959648132324, 0.7770565748214722]}, "Camera0024": {"frame": 24, "pose": [-0.15510596334934235, 0.0911630317568779, -0.9836825728416443, -0.9878978133201599, -0.014313101768493652, 0.1544441431760788, 4.773946926661665e-08, 0.9957331418991089, 0.092279814183712, -2.7427051067352295, 0.8816778659820557, 0.7572948932647705]}, "Camera0025": {"frame": 25, "pose": [-0.10239166021347046, 0.08579891175031662, -0.9910370707511902, -0.9947441816329956, -0.008831251412630081, 0.1020101010799408, 2.5863613473120495e-07, 0.9962733387947083, 0.08625221252441406, -2.759807586669922, 0.75, 0.7401923537254333]}, "Camera0026": {"frame": 26, "pose": [-0.04751468822360039, 0.0809943825006485, -0.9955813884735107, -0.9988705515861511, -0.0038529611192643642, 0.04735821112990379, -1.8720180605669157e-07, 0.9967070817947388, 0.08108597248792648, -2.7740635871887207, 0.6101049780845642, 0.7259363532066345]}, "Camera0027": {"frame": 27, "pose": [0.008674681186676025, 0.0768427923321724, -0.9970054626464844, -0.9999623894691467, 0.0006661920342594385, -0.008649062365293503, -4.210235147183994e-07, 0.9970430135726929, 0.076845683157444, -2.7853169441223145, 0.4635255038738251, 0.7146830558776855]}, "Camera0028": {"frame": 28, "pose": [0.06524737924337387, 0.07342842221260071, -0.9951638579368591, -0.9978691339492798, 0.004801265895366669, -0.0650704875588417, 2.2813242850361348e-08, 0.9972889423370361, 0.07358522713184357, -2.7934443950653076, 0.31186753511428833, 0.7065557241439819]}, "Camera0029": {"frame": 29, "pose": [0.12125474959611893, 0.07081732153892517, -0.9900920391082764, -0.9926214218139648, 0.00865066796541214, -0.1209457740187645, -9.892401209299351e-08, 0.9974517822265625, 0.07134372740983963, -2.798356533050537, 0.15679270029067993, 0.7016434073448181]}, "Camera0030": {"frame": 30, "pose": [0.1757907122373581, 0.06905075162649155, -0.982002854347229, -0.9844275712966919, 0.012330754660069942, -0.17535771429538727, 2.550401063672325e-07, 0.9975369572639465, 0.07014309614896774, -2.799999952316284, 1.8369701465288538e-16, 0.699999988079071]}, "Camera0031": {"frame": 31, "pose": [0.22804519534111023, 0.06814289093017578, -0.97126305103302, -0.9736505746841431, 0.015959950163960457, -0.2274860292673111, -2.462046211348934e-07, 0.9975479245185852, 0.06998695433139801, -2.798356533050537, -0.15679270029067993, 0.7016434073448181]}, "Camera0032": {"frame": 32, "pose": [0.2773470878601074, 0.0680835172533989, -0.9583544135093689, -0.960769772529602, 0.019653528928756714, -0.2766498625278473, -2.4990276870084926e-07, 0.9974860548973083, 0.07086344063282013, -2.7934443950653076, -0.31186753511428833, 0.7065557241439819]}, "Camera0033": {"frame": 33, "pose": [0.3231833875179291, 0.0688432976603508, -0.9438289403915405, -0.9463363885879517, 0.02351054549217224, -0.3223270773887634, -1.2677267591243435e-07, 0.9973503947257996, 0.0727471336722374, -2.7853169441223145, -0.4635255038738251, 0.7146830558776855]}, "Camera0034": {"frame": 34, "pose": [0.3651994466781616, 0.07038147002458572, -0.9282649159431458, -0.9309293031692505, 0.027610301971435547, -0.36415424942970276, -3.729718400791171e-08, 0.9971379637718201, 0.0756034404039383, -2.7740635871887207, -0.6101049780845642, 0.7259363532066345]}, "Camera0035": {"frame": 35, "pose": [0.40318599343299866, 0.07265432924032211, -0.9122293591499329, -0.9151180386543274, 0.0320100337266922, -0.4019133150577545, -2.5030706751749676e-07, 0.9968433976173401, 0.07939328998327255, -2.759807586669922, -0.75, 0.7401923537254333]}, "Camera0036": {"frame": 36, "pose": [0.43705347180366516, 0.07562235742807388, -0.8962507843971252, -0.8994355201721191, 0.03674639016389847, -0.4355059564113617, -6.851650802275344e-09, 0.9964591860771179, 0.08407757431268692, -2.7427051067352295, -0.8816778659820557, 0.7572948932647705]}, "Camera0037": {"frame": 37, "pose": [0.466801255941391, 0.07925722748041153, -0.8808035254478455, -0.8843622803688049, 0.04183498024940491, -0.46492284536361694, -9.35601605078773e-08, 0.9959759712219238, 0.08962071686983109, -2.7229435443878174, -1.0036959648132324, 0.7770565748214722]}, "Camera0038": {"frame": 38, "pose": [0.4924865961074829, 0.08354392647743225, -0.8663009405136108, -0.8703200221061707, 0.047275036573410034, -0.4902123212814331, 1.48138823874433e-07, 0.9953820705413818, 0.09599227458238602, -2.7007391452789307, -1.1147172451019287, 0.7992607951164246]}, "Camera0039": {"frame": 39, "pose": [0.5141965746879578, 0.08848559856414795, -0.8530956506729126, -0.8576723337173462, 0.053049322217702866, -0.5114527344703674, -5.629387089811644e-08, 0.9946637749671936, 0.10316943377256393, -2.676335573196411, -1.2135255336761475, 0.8236644268035889]}, "Camera0040": {"frame": 40, "pose": [0.5320224165916443, 0.0941052958369255, -0.8414846062660217, -0.8467302322387695, 0.059128642082214355, -0.5287264585494995, -1.1842342928503058e-07, 0.9938048124313354, 0.11113956570625305, -2.6500000953674316, -1.299038052558899, 0.8500000238418579]}, "Camera0041": {"frame": 41, "pose": [0.5460380911827087, 0.1004447340965271, -0.8317170143127441, -0.837760329246521, 0.06546832621097565, -0.5420991778373718, 1.1339218985995103e-07, 0.9927863478660583, 0.11989681422710419, -2.622020959854126, -1.3703181743621826, 0.8779789805412292]}, "Camera0042": {"frame": 42, "pose": [0.556281328201294, 0.10756774991750717, -0.8240025639533997, -0.8309940099716187, 0.07200750708580017, -0.5516011714935303, -1.2526372472621006e-07, 0.9915866851806641, 0.12944458425045013, -2.592705011367798, -1.4265847206115723, 0.9072949290275574]}, "Camera0043": {"frame": 43, "pose": [0.5627409219741821, 0.11555849760770798, -0.8185162544250488, -0.8266333341598511, 0.07866771519184113, -0.55721515417099, -1.409109415817511e-07, 0.9901806116104126, 0.13979405164718628, -2.562373399734497, -1.4672213792800903, 0.9376264810562134]}, "Camera0044": {"frame": 44, "pose": [0.5653374195098877, 0.12452065199613571, -0.8154067993164062, -0.8248597383499146, 0.08534308522939682, -0.5588585734367371, -1.0739218225808145e-07, 0.9885399341583252, 0.15095971524715424, -2.531358480453491, -1.491782784461975, 0.968641459941864]}, "Camera0045": {"frame": 45, "pose": [0.5639141201972961, 0.1345767229795456, -0.8147944211959839, -0.8258334398269653, 0.0918944701552391, -0.5563762784004211, -1.8808246693424735e-07, 0.9866329431533813, 0.1629585474729538, -2.5, -1.5, 1.0]}, "Camera0046": {"frame": 46, "pose": [0.5582209825515747, 0.14586350321769714, -0.8167699575424194, -0.8296923041343689, 0.09813767671585083, -0.5495267510414124, 4.125871200244546e-09, 0.9844251275062561, 0.17580433189868927, -2.468641519546509, -1.491782784461975, 1.0313584804534912]}, "Camera0047": {"frame": 47, "pose": [0.5479003190994263, 0.15852336585521698, -0.8213863372802734, -0.836543619632721, 0.10382597148418427, -0.5379729866981506, -5.742359476812453e-08, 0.9818810820579529, 0.18949799239635468, -2.437626600265503, -1.4672213792800903, 1.0623735189437866]}, "Camera0048": {"frame": 48, "pose": [0.5324772000312805, 0.17269267141819, -0.8286406397819519, -0.8464443683624268, 0.10863624513149261, -0.5212773680686951, -3.8358794540727104e-07, 0.978966474533081, 0.20402106642723083, -2.407294988632202, -1.4265847206115723, 1.0927051305770874]}, "Camera0049": {"frame": 49, "pose": [0.5113485455513, 0.1884760558605194, -0.8384506106376648, -0.8593733906745911, 0.11214780807495117, -0.498898983001709, -1.1244434006130177e-07, 0.9756534695625305, 0.21931792795658112, -2.377979040145874, -1.3703181743621826, 1.122020959854126]}, "Camera0050": {"frame": 50, "pose": [0.4837871491909027, 0.20591142773628235, -0.8506177067756653, -0.8751856684684753, 0.11382424831390381, -0.4702063798904419, 5.76349243885943e-08, 0.9719282388687134, 0.2352774441242218, -2.3499999046325684, -1.299038052558899, 1.149999976158142]}, "Camera0051": {"frame": 51, "pose": [0.44896119832992554, 0.22491323947906494, -0.8647819757461548, -0.893551230430603, 0.11300645023584366, -0.43450629711151123, -2.7290894877296523e-07, 0.9678034782409668, 0.2517070174217224, -2.323664426803589, -1.2135255336761475, 1.1763355731964111]}, "Camera0052": {"frame": 52, "pose": [0.4059922993183136, 0.2451995313167572, -0.8803678154945374, -0.913876473903656, 0.10893037170171738, -0.3911060094833374, -2.2557559020697227e-07, 0.9633334875106812, 0.26830700039863586, -2.2992608547210693, -1.1147172451019287, 1.2007391452789307]}, "Camera0053": {"frame": 53, "pose": [0.35406261682510376, 0.26620256900787354, -0.8965354561805725, -0.9352217316627502, 0.10078039765357971, -0.33941662311553955, -3.743340073469881e-07, 0.9586341977119446, 0.28464099764823914, -2.2770564556121826, -1.0036959648132324, 1.2229434251785278]}, "Camera0054": {"frame": 54, "pose": [0.29259273409843445, 0.2869873344898224, -0.9121555685997009, -0.9562371373176575, 0.0878133475780487, -0.2791045308113098, -3.186494978990595e-08, 0.9539009928703308, 0.3001215159893036, -2.2572948932647705, -0.8816778659820557, 1.2427051067352295]}, "Camera0055": {"frame": 55, "pose": [0.2214902639389038, 0.3062170445919037, -0.9258365035057068, -0.9751625657081604, 0.06955144554376602, -0.21028679609298706, -1.3410443955308438e-07, 0.9494175910949707, 0.3140163719654083, -2.240192413330078, -0.75, 1.2598075866699219]}, "Camera0056": {"frame": 56, "pose": [0.1414325088262558, 0.32223212718963623, -0.9360359311103821, -0.9899479150772095, 0.04603685066103935, -0.1337301880121231, -1.2592886733386877e-08, 0.9455406069755554, 0.3255041241645813, -2.2259364128112793, -0.6101049780845642, 1.2740635871887207]}, "Camera0057": {"frame": 57, "pose": [0.05408640205860138, 0.3332831561565399, -0.941274106502533, -0.9985362887382507, 0.01805236004292965, -0.05098481476306915, -1.6043853179326106e-07, 0.9426539540290833, 0.3337717056274414, -2.2146830558776855, -0.4635255038738251, 1.2853169441223145]}, "Camera0058": {"frame": 58, "pose": [-0.03786177560687065, 0.33791646361351013, -0.9404142498970032, -0.999282956123352, -0.012803100049495697, 0.03563137352466583, 2.1075346978705056e-07, 0.9410890340805054, 0.3381589353084564, -2.2065556049346924, -0.31186753511428833, 1.293444275856018]}, "Camera0059": {"frame": 59, "pose": [-0.13097774982452393, 0.3353841006755829, -0.9329321384429932, -0.991385281085968, -0.044309716671705246, 0.12325510382652283, -1.5599866287629993e-07, 0.9410388469696045, 0.3382984697818756, -2.201643466949463, -0.15679270029067993, 1.298356533050537]}}, "environment": {"name": "bunny_scene", "width": 0.024, "resolution_x": 640, "resolution_y": 480, "lens": 0.035, "max_depth": 20.0, "min_depth": 1.0}}