{"cameras": {"Camera0000": {"frame": 0, "pose": [-0.18208920158621636, 0.42074653136401896, -0.8887158595472688, -0.9832820158355777, -0.07791587906765143, 0.16457701274308542, 1.2981591623883977e-07, 0.9038260187305196, 0.4279001377257565, -2.700000047683716, 0.0, 1.7999999523162842]}, "Camera0001": {"frame": 1, "pose": [-0.19124782649002225, 0.41934210656659765, -0.8874550504240374, -0.9815417815166003, -0.0817066487797209, 0.17291545530231217, -2.4682839239176e-07, 0.9041439162022137, 0.42722801733320753, -2.700411081314087, 0.0523359552025795, 1.7999999523162842]}, "Camera0002": {"frame": 2, "pose": [-0.2002510802233941, 0.41779170258265586, -0.8861995250068968, -0.9797446120644716, -0.08539286741380317, 0.18113131514314862, 4.2003602374052194e-08, 0.9045209513593007, 0.42642918351358644, -2.701643466949463, 0.10452846437692642, 1.7999999523162842]}, "Camera0003": {"frame": 3, "pose": [-0.20904942290934955, 0.41610758785975777, -0.8849592160697587, -0.9779050765699405, -0.0889525238304614, 0.1891800986439374, -8.123863182163395e-08, 0.9049541003994209, 0.4255091963404178, -2.703693389892578, 0.15643446147441864, 1.7999999523162842]}, "Camera0004": {"frame": 4, "pose": [-0.21759282375939523, 0.4143053023611596, -0.8837445781920481, -0.9760396319045604, -0.09236276947134076, 0.19701714587109959, 1.5144335918648663e-07, 0.9054392498953269, 0.42447587063220094, -2.7065556049346924, 0.2079116851091385, 1.7999999523162842]}, "Camera0005": {"frame": 5, "pose": [-0.2258341484979219, 0.4124005375985446, -0.8825671271697411, -0.9741657648327713, -0.09560397013419823, 0.20459947097282755, 1.0554210838620293e-08, 0.9059722277658464, 0.4233371263154097, -2.7102222442626953, 0.258819043636322, 1.7999999523162842]}, "Camera0006": {"frame": 6, "pose": [-0.23373156907625237, 0.4104089706257588, -0.8814386141116455, -0.9723011640521434, -0.09865825743829391, 0.21188910925785284, -6.4897553997411705e-09, 0.9065489645182683, 0.4221006691902485, -2.7146830558776855, 0.30901700258255005, 1.7999999523162842]}, "Camera0007": {"frame": 7, "pose": [-0.2412431826730574, 0.4083491382340602, -0.8803707787729408, -0.9704646963253089, -0.10150957072317986, 0.21884716182263358, -9.895230412837464e-09, 0.9071641463126153, 0.4207769143440545, -2.719925880432129, 0.3583679497241974, 1.7999999523162842]}, "Camera0008": {"frame": 8, "pose": [-0.24833126462054234, 0.40623769443128394, -0.8793762099551686, -0.9686751689869744, -0.1041439360844861, 0.22543836755283495, -1.371327726928935e-07, 0.9078132936898342, 0.4193745626525242, -2.7259364128112793, 0.4067366421222687, 1.7999999523162842]}, "Camera0009": {"frame": 9, "pose": [-0.25496139190272193, 0.40409316806929374, -0.8784665048587499, -0.9669512338474089, -0.10654947215753746, 0.23163013910958077, 1.4332345088519105e-08, 0.9084910134407889, 0.41790438918169803, -2.7326979637145996, 0.45399048924446106, 1.7999999523162842]}, "Camera0010": {"frame": 10, "pose": [-0.26110248861331586, 0.4019321395713541, -0.8776537162341004, -0.9653110848011249, -0.10871683594821678, 0.2373924159308464, -9.343406759398918e-08, 0.9091926114751495, 0.416375786086306, -2.740192413330078, 0.5, 1.7999999523162842]}, "Camera0011": {"frame": 11, "pose": [-0.2667257159072344, 0.39977189946134845, -0.8769491552392527, -0.9637724796204618, -0.11063756337367776, 0.24269721279191114, 8.013521402006063e-09, 0.9099130496766167, 0.4147990381235219, -2.748398780822754, 0.5446390509605408, 1.7999999523162842]}, "Camera0012": {"frame": 12, "pose": [-0.27180577718870474, 0.39762928612651827, -0.8763632638930956, -0.9623521286342288, -0.11230591237826984, 0.24751921654298495, 1.1345026962317182e-07, 0.9106472054859663, 0.4131847857080259, -2.7572948932647705, 0.5877852439880371, 1.7999999523162842]}, "Camera0013": {"frame": 13, "pose": [-0.27632129287978036, 0.3955187441275306, -0.8759060829478396, -0.9610653167715363, -0.11371807467590007, 0.2518365668262515, -2.707132296109161e-07, 0.911390762810216, 0.4115420725322495, -2.7668561935424805, 0.6293203830718994, 1.7999999523162842]}, "Camera0014": {"frame": 14, "pose": [-0.2802511689812967, 0.3934556036744266, -0.8755866434692853, -0.9599267067253598, -0.11486945580186016, 0.2556281006446465, 1.474125923550668e-07, 0.9121390771483135, 0.40988084114654744, -2.7770564556121826, 0.6691306233406067, 1.7999999523162842]}, "Camera0015": {"frame": 15, "pose": [-0.2835784236664961, 0.3914530098895937, -0.8754129418047251, -0.958949048506133, -0.11575959107480806, 0.25887533571851773, 8.518828309433946e-08, 0.9128878672227881, 0.40821041372976, -2.787868022918701, 0.7071067690849304, 1.7999999523162842]}, "Camera0016": {"frame": 16, "pose": [-0.28628953854252304, 0.3895225622040226, -0.8753916115974166, -0.9581431522069521, -0.11638804062545353, 0.2615636134447851, -1.85565426136235e-07, 0.9136334043440952, 0.40653905404842033, -2.7992608547210693, 0.7431448101997375, 1.7999999523162842]}, "Camera0017": {"frame": 17, "pose": [-0.2883707410938236, 0.3876756583535922, -0.8755283545386225, -0.9575188330685391, -0.11675393206038062, 0.263678219933887, 2.494836337518765e-07, 0.9143719720488752, 0.4048751619096791, -2.811203956604004, 0.7771459817886353, 1.7999999523162842]}, "Camera0018": {"frame": 18, "pose": [-0.2898118386289477, 0.3859212893679216, -0.8758275267443412, -0.9570836422123767, -0.11685974687740636, 0.2652069029441726, 6.849879774506462e-09, 0.9151002994056714, 0.40322629133980153, -2.823664426803589, 0.80901700258255, 1.7999999523162842]}, "Camera0019": {"frame": 19, "pose": [-0.2906048013006889, 0.3842673244701975, -0.8762918879035131, -0.956843168685953, -0.11670651235338923, 0.2661404526060123, 1.0961541363485572e-07, 0.9158156000630391, 0.40159903720149015, -2.8366081714630127, 0.838670551776886, 1.7999999523162842]}, "Camera0020": {"frame": 20, "pose": [-0.2907420180189237, 0.38272050395584456, -0.8769230837479809, -0.9568014835681872, -0.1162967733105509, 0.2664694758490558, 7.004372193364361e-09, 0.916515180654057, 0.39999990453831513, -2.8499999046325684, 0.8660253882408142, 1.7999999523162842]}, "Camera0021": {"frame": 21, "pose": [-0.2902182126852395, 0.38128594651167447, -0.8777211493512513, -0.9569604950183488, -0.11563276710139968, 0.26618729148235143, 1.481393212543475e-07, 0.9171968655447804, 0.3984343231133684, -2.863802909851074, 0.8910065293312073, 1.7999999523162842]}, "Camera0022": {"frame": 22, "pose": [-0.2890297467674395, 0.37996707615418024, -0.8786847139460167, -0.957320116514594, -0.11471775935403228, 0.26528857910825043, 1.8417833302919359e-07, 0.9178588435743449, 0.39690697055145346, -2.877979040145874, 0.9135454297065735, 1.7999999523162842]}, "Camera0023": {"frame": 23, "pose": [-0.28717393273349573, 0.37876636633703087, -0.879810872909752, -0.9578784538543228, -0.11355510196947816, 0.263769039992099, -1.7255710815788831e-07, 0.9184994711748851, 0.3954222065734633, -2.8924896717071533, 0.9335803985595703, 1.7999999523162842]}, "Camera0024": {"frame": 24, "pose": [-0.2846491554801202, 0.377684248330211, -0.8810956059632222, -0.9586317636529892, -0.11214693188588741, 0.26162608314948604, -1.183490212497415e-07, 0.9191178783114958, 0.3939826465317481, -2.907294988632202, 0.9510565400123596, 1.7999999523162842]}, "Camera0025": {"frame": 25, "pose": [-0.2814556899500311, 0.37672083295003544, -0.8825327804768407, -0.9595742256828, -0.11049723271116178, 0.25885839172881764, -8.10713913779181e-08, 0.9197128767091427, 0.3925916764468989, -2.922354221343994, 0.9659258127212524, 1.7999999523162842]}, "Camera0026": {"frame": 26, "pose": [-0.2775933270628521, 0.3758748727519974, -0.8841153911135391, -0.9606986753243916, -0.10860847445203717, 0.2554647813440444, 3.6831190186602804e-07, 0.9202838036773607, 0.3912514801109299, -2.937626600265503, 0.9781476259231567, 1.7999999523162842]}, "Camera0027": {"frame": 27, "pose": [-0.27306633080186093, 0.3751414856041565, -0.8858349986092867, -0.961995207359369, -0.10648557689712027, 0.25144789307228643, -1.1470339700281304e-07, 0.9208309767224352, 0.3899619369994884, -2.9530696868896484, 0.9876883625984192, 1.7999999523162842]}, "Camera0028": {"frame": 28, "pose": [-0.2678758106724469, 0.37451840175070034, -0.8876815401970914, -0.9634534498648807, -0.10413020245464293, 0.24680832822296503, -1.9787114524660735e-07, 0.9213538232876967, 0.3887250086026171, -2.968641519546509, 0.9945219159126282, 1.7999999523162842]}, "Camera0029": {"frame": 29, "pose": [-0.26202606832210923, 0.37400031003698087, -0.8896438094045839, -0.9650607957634881, -0.10154577935141434, 0.2415494052492305, -2.1518689052868464e-08, 0.9218526036130483, 0.3875406781382355, -2.9842991828918457, 0.9986295104026794, 1.7999999523162842]}, "Camera0030": {"frame": 30, "pose": [-0.25552397948019606, 0.373579474277065, -0.8917095223835372, -0.9668027181957003, -0.0987363839137207, 0.23567696234686925, -9.804882239450292e-08, 0.9223283053720698, 0.3864071649303055, -3.0, 1.0, 1.7999999523162842]}, "Camera0031": {"frame": 31, "pose": [-0.24837526036937455, 0.3732498335267864, -0.8938648062255677, -0.9686638890948804, -0.09570520400304137, 0.22919595085934097, -1.6312769446358217e-07, 0.9227811634937952, 0.38532444031103313, -3.0157008171081543, 0.9986295104026794, 1.7999999523162842]}, "Camera0032": {"frame": 32, "pose": [-0.24058786859468004, 0.373003077222998, -0.8960949625275455, -0.9706273628355369, -0.09245568956959736, 0.22211363753975424, -7.384804767696096e-09, 0.9232121369698215, 0.3842907104674995, -3.031358480453491, 0.9945219159126282, 1.7999999523162842]}, "Camera0033": {"frame": 33, "pose": [-0.23217138809129217, 0.37282956558018315, -0.8983844174856632, -0.9726748925266557, -0.08899221430017665, 0.21443866079186866, -1.4585819485546328e-07, 0.9236224882619756, 0.38330340355485415, -3.0469303131103516, 0.9876883625984192, 1.7999999523162842]}, "Camera0034": {"frame": 34, "pose": [-0.22313675725167148, 0.37272007589557926, -0.9007162331098526, -0.9747871498759111, -0.08531875297366269, 0.2061812863181746, -8.110730931321077e-08, 0.9240132333551359, 0.38236049035508446, -3.062373399734497, 0.9781476259231567, 1.7999999523162842]}, "Camera0035": {"frame": 35, "pose": [-0.21349622651393727, 0.37266379095682534, -0.9030731200594985, -0.976943888493242, -0.08143989294500302, 0.19735293910355217, 1.162236458185359e-07, 0.924385873294694, 0.3814587228694507, -3.077645778656006, 0.9659258127212524, 1.7999999523162842]}, "Camera0036": {"frame": 36, "pose": [-0.20326436432600642, 0.37264944199370736, -0.905436906458381, -0.9791238931795562, -0.07736113728838052, 0.1879671679904695, 2.314382925305815e-07, 0.9247419357957262, 0.3805947348305276, -3.092705011367798, 0.9510565400123596, 1.7999999523162842]}, "Camera0037": {"frame": 37, "pose": [-0.19245661706043904, 0.37266593376176826, -0.9077888258637694, -0.9813054827879248, -0.07308846754773618, 0.17803826937453995, -9.623754948506743e-08, 0.9250827950648487, 0.3797654832590738, -3.1075103282928467, 0.9335803985595703, 1.7999999523162842]}, "Camera0038": {"frame": 38, "pose": [-0.18109089348565877, 0.37270115009878824, -0.9101098510683236, -0.9834663635816551, -0.06862725395627023, 0.16758344702833045, 2.0356760899176011e-07, 0.9254102618457729, 0.3789668155267641, -3.122020959854126, 0.9135454297065735, 1.7999999523162842]}, "Camera0039": {"frame": 39, "pose": [-0.1691875194470692, 0.37274304632978417, -0.9123805152874211, -0.9855838793645684, -0.06398572266096618, 0.15662133964515154, 1.886471352463548e-07, 0.9257259036606604, 0.3781951233049127, -3.136197090148926, 0.8910065293312073, 1.7999999523162842]}, "Camera0040": {"frame": 40, "pose": [-0.1567675358165897, 0.37277945914652183, -0.9145815516138628, -0.9876355297952495, -0.0591711278093979, 0.14517175317471576, 2.2574916158646184e-07, 0.9260314532844932, 0.37744635052912945, -3.1500000953674316, 0.8660253882408142, 1.7999999523162842]}, "Camera0041": {"frame": 41, "pose": [-0.1438555673688658, 0.37279795531360554, -0.9166936567092503, -0.9895986942882147, -0.05419292938477689, 0.13325746008294354, -2.0595631156083837e-07, 0.9263286732681287, 0.37671632441568814, -3.1633918285369873, 0.838670551776886, 1.7999999523162842]}, "Camera0042": {"frame": 42, "pose": [-0.1304765698943392, 0.3727870086929215, -0.9186978343603468, -0.9914513930135949, -0.04905945143104723, 0.12090204926586977, -9.849394189131983e-08, 0.9266191323165458, 0.3760013080095891, -3.176335573196411, 0.80901700258255, 1.7999999523162842]}, "Camera0043": {"frame": 43, "pose": [-0.11665951448990294, 0.37273525500902277, -0.9205753566940292, -0.9931719678278005, -0.04378188561446442, 0.10813227461353257, 1.8598650797230112e-07, 0.9269042971986917, 0.37529778021534405, -3.188796043395996, 0.7771459817886353, 1.7999999523162842]}, "Camera0044": {"frame": 44, "pose": [-0.10243481337279713, 0.37263059451637354, -0.9223088143564789, -0.9947397192277345, -0.03837227728591338, 0.09497609871236423, -8.943969476149493e-08, 0.9271860699807062, 0.374601110027353, -3.2007391452789307, 0.7431448101997375, 1.7999999523162842]}, "Camera0045": {"frame": 45, "pose": [-0.08783313101415723, 0.3724640352375204, -0.9238808816892107, -0.9961352022171258, -0.032841320199420446, 0.08146230165791525, 3.0973356501817264e-07, 0.9274653579202526, 0.3739090930396876, -3.212131977081299, 0.7071067690849304, 1.7999999523162842]}, "Camera0046": {"frame": 46, "pose": [-0.07289083233472529, 0.37222475317140413, -0.9252759910902467, -0.9973399252820153, -0.027204023067251643, 0.06762406795971762, 1.2259955894933196e-07, 0.9277438624186332, 0.3732175314003098, -3.2229435443878174, 0.6691306233406067, 1.7999999523162842]}, "Camera0047": {"frame": 47, "pose": [-0.057642839858941426, 0.3719045810939738, -0.9264795116862068, -0.9983372691695881, -0.021473410720790332, 0.05349382785916058, -7.543776092688852e-08, 0.9280225617911086, 0.37252399225642124, -3.2331438064575195, 0.6293203830718994, 1.7999999523162842]}, "Camera0048": {"frame": 48, "pose": [-0.04212757990065892, 0.37149594929288515, -0.9274783160110492, -0.9991122394464553, -0.015664084912982962, 0.039107153209198844, 4.9908646104768175e-08, 0.9283024270693344, 0.37182603983204376, -3.2427051067352295, 0.5877852439880371, 1.7999999523162842]}, "Camera0049": {"frame": 49, "pose": [-0.026383719621537568, 0.3709922679259838, -0.9282610820658524, -0.9996518890788539, -0.009791467611983353, 0.02449954740566187, 1.043346742335414e-07, 0.9285843334351159, 0.3711214568020159, -3.251601219177246, 0.5446390509605408, 1.7999999523162842]}, "Camera0050": {"frame": 50, "pose": [-0.010452004696722602, 0.3703891210673516, -0.9288178802072958, -0.9999453763070077, -0.00387129954709897, 0.009708627197159375, 2.3765534251651618e-07, 0.928868619361625, 0.37040935188676344, -3.259807586669922, 0.5, 1.7999999523162842]}, "Camera0051": {"frame": 51, "pose": [0.005624936162854713, 0.36968243129032985, -0.9291411411020579, -0.9999841799214289, 0.0020793085802941987, -0.005226507695910162, -1.7692518383682817e-07, 0.9291558407883461, 0.36968827886324745, -3.2673020362854004, 0.45399048924446106, 1.7999999523162842]}, "Camera0052": {"frame": 52, "pose": [0.021806017585649953, 0.36887039100226043, -0.9292250170108928, -0.9997622205289817, 0.00804539646468841, -0.020267560254896618, -1.1920912612595175e-07, 0.9294460211532274, 0.36895811925260613, -3.2740635871887207, 0.4067366421222687, 1.7999999523162842]}, "Camera0053": {"frame": 53, "pose": [0.03804666799424567, 0.36795237069098286, -0.9290659308991054, -0.9992759634127774, 0.01400954020317137, -0.035373460797065194, 3.775050316789929e-08, 0.9297390954919457, 0.3682189760371094, -3.280074119567871, 0.3583679497241974, 1.7999999523162842]}, "Camera0054": {"frame": 54, "pose": [0.05430441389859759, 0.366929384478574, -0.9286624022955299, -0.9985244266572194, 0.019955361777887613, -0.05050497901380549, 3.334469056426314e-08, 0.9300347360945657, 0.36747161748563717, -3.2853169441223145, 0.30901700258255005, 1.7999999523162842]}, "Camera0055": {"frame": 55, "pose": [0.07053552772925097, 0.36580419283643123, -0.928015103234448, -0.9975092677905082, 0.02586663255178984, -0.06562147508609391, 1.4951272220287137e-08, 0.9303323115014966, 0.3667175891285855, -3.2897777557373047, 0.258819043636322, 1.7999999523162842]}, "Camera0056": {"frame": 56, "pose": [0.08669680071800605, 0.36458093980871775, -0.9271269616797122, -0.9962347437954744, 0.03172761880014071, -0.08068267137395978, 1.6666371038809226e-07, 0.9306310206163693, 0.3659588822074239, -3.2934443950653076, 0.2079116851091385, 1.7999999523162842]}, "Camera0057": {"frame": 57, "pose": [0.10274540681529697, 0.36326498500916254, -0.9260032030423286, -0.9947076863975364, 0.037522258137169015, -0.09564883044736121, -1.3973820500723332e-07, 0.9309299816906643, 0.3651977124646318, -3.296306610107422, 0.15643446147441864, 1.7999999523162842]}, "Camera0058": {"frame": 58, "pose": [0.11864006651329795, 0.3618638317355519, -0.9246507999776913, -0.9929373266313025, 0.043236961166662376, -0.11048090591298788, 4.678406995139992e-08, 0.9312277554233104, 0.3644377416367041, -3.298356533050537, 0.10452846437692642, 1.7999999523162842]}, "Camera0059": {"frame": 59, "pose": [0.13433971157310903, 0.36038575403385564, -0.92307905955227, -0.9909353368885649, 0.04885700131887079, -0.12514052711921153, 1.1603916050262342e-08, 0.93152300117151, 0.3636824140488823, -3.299588918685913, 0.0523359552025795, 1.7999999523162842]}, "Camera0060": {"frame": 60, "pose": [0.1498051047304688, 0.35884022005608746, -0.9212991517779618, -0.9887155458455565, 0.054369507169643345, -0.1395905659185224, -1.2855397812927515e-07, 0.9318141730840055, 0.36293573375978655, -3.299999952316284, 1.2246468525851679e-16, 1.7999999523162842]}, "Camera0061": {"frame": 61, "pose": [0.16499854836594657, 0.3572384085343339, -0.9193237724028389, -0.9862938096921866, 0.059762889105644396, -0.15379505209407449, -5.498824862115723e-08, 0.9320993061651761, 0.3622028208702883, -3.299588918685913, -0.0523359552025795, 1.7999999523162842]}, "Camera0062": {"frame": 62, "pose": [0.17988335104991296, 0.35559194398039534, -0.9171675688723938, -0.9836879484953782, 0.06502585844115893, -0.16771898437250468, 8.880488167051214e-08, 0.9323765371941926, 0.3614885791968515, -3.298356533050537, -0.10452846437692642, 1.7999999523162842]}, "Camera0063": {"frame": 63, "pose": [0.1944244605847004, 0.3539128259359041, -0.914846894712121, -0.980917493536667, 0.07014762125713223, -0.181328933448881, -3.017823075879232e-07, 0.9326441030050147, 0.3607976955717436, -3.296306610107422, -0.15643446147441864, 1.7999999523162842]}, "Camera0064": {"frame": 64, "pose": [0.2085905903476946, 0.35221506819362197, -0.9123784912829557, -0.978003049902401, 0.07512114307961823, -0.1945940601457642, -4.497788097523879e-08, 0.9328994370240417, 0.36013697449751564, -3.2934443950653076, -0.2079116851091385, 1.7999999523162842]}, "Camera0065": {"frame": 65, "pose": [0.22234990049754522, 0.3505124437648737, -0.9097810442709323, -0.9749669336694052, 0.07993739543547312, -0.20748371276384636, -9.610668172399513e-08, 0.9331404179312828, 0.35951211443151915, -3.2897777557373047, -0.258819043636322, 1.7999999523162842]}, "Camera0066": {"frame": 66, "pose": [0.23567362318695742, 0.3488188207354885, -0.9070740728488689, -0.971832260904078, 0.08459010898150456, -0.21996947544731105, 1.6532479829578506e-09, 0.9333648502933889, 0.35892904067071485, -3.2853169441223145, -0.30901700258255005, 1.7999999523162842]}, "Camera0067": {"frame": 67, "pose": [0.24853579623828975, 0.34714901399195747, -0.9042773468757309, -0.9686227118895154, 0.08907385616099622, -0.23202562393065737, 3.756859712211735e-09, 0.9335702492223185, 0.3583944611276493, -3.280074119567871, -0.3583679497241974, 1.7999999523162842]}, "Camera0068": {"frame": 68, "pose": [0.2609095349030452, 0.34551776175716203, -0.9014120538948864, -0.9653632552550747, 0.0933833317116843, -0.24362540664255622, -4.437253764422165e-08, 0.9337542662118051, 0.3579147528829337, -3.2740635871887207, -0.4067366421222687, 1.7999999523162842]}, "Camera0069": {"frame": 69, "pose": [0.2727725416555322, 0.3439393490944114, -0.8984992290833052, -0.962078552156085, 0.09751495013822037, -0.25474633261499957, -1.8030050341621875e-07, 0.9339146420546437, 0.3574960718048724, -3.2673020362854004, -0.45399048924446106, 1.7999999523162842]}, "Camera0070": {"frame": 70, "pose": [0.2841036919151612, 0.34242944114023405, -0.8955596965476742, -0.9587935608044952, 0.10146643660895278, -0.2653666708569828, -1.0961951346644105e-07, 0.9340485212676419, 0.3571461324412174, -3.259807586669922, -0.5, 1.7999999523162842]}, "Camera0071": {"frame": 71, "pose": [0.2948817280742794, 0.34100160911541766, -0.892615633421588, -0.9555337599728864, 0.10523459760787597, -0.27546490342398766, 7.167921722839303e-08, 0.9341539391593896, 0.3568703097106714, -3.251601219177246, -0.5446390509605408, 1.7999999523162842]}, "Camera0072": {"frame": 72, "pose": [0.3050887383544593, 0.33967075464265717, -0.8896879453885906, -0.9523239268910993, 0.1088177107210473, -0.28502253262531085, -1.3273702137439614e-08, 0.9342282827413855, 0.3566756449858633, -3.2427051067352295, -0.5877852439880371, 1.7999999523162842]}, "Camera0073": {"frame": 73, "pose": [0.31470722045478855, 0.3384507378072164, -0.8867978706962326, -0.949188793335456, 0.11221460732212461, -0.2940212858109467, -4.627946736945886e-08, 0.9342692224307148, 0.3565683945874979, -3.2331438064575195, -0.6293203830718994, 1.7999999523162842]}, "Camera0074": {"frame": 74, "pose": [0.3237204664927211, 0.3373551033351013, -0.8839663985850923, -0.9461527675664934, 0.11542402603539005, -0.3024437710385961, 1.0972912356521647e-08, 0.934274493105503, 0.3565545842258309, -3.2229435443878174, -0.6691306233406067, 1.7999999523162842]}, "Camera0075": {"frame": 75, "pose": [0.33211304561588373, 0.33639769844705725, -0.8812136593421965, -0.943239590417907, 0.11844508837037877, -0.31027380828744217, 3.4757672295881996e-08, 0.9342415905537795, 0.3566407863376578, -3.212131977081299, -0.7071067690849304, 1.7999999523162842]}, "Camera0076": {"frame": 76, "pose": [0.33986981436676916, 0.33559091341378533, -0.8785597578516781, -0.9404724925707785, 0.12127644112068743, -0.3174956937452969, -6.912482319876284e-08, 0.9341684878346098, 0.3568322243531174, -3.2007391452789307, -0.7431448101997375, 1.7999999523162842]}, "Camera0077": {"frame": 77, "pose": [0.3469771755661799, 0.33494744705059276, -0.8760234285396747, -0.9378735733754886, 0.12391777228943796, -0.32409496459327297, 9.074552309584748e-08, 0.9340527787149467, 0.35713499768977897, -3.188796043395996, -0.7771459817886353, 1.7999999523162842]}, "Camera0078": {"frame": 78, "pose": [0.3534197406806694, 0.33447897106123087, -0.8736236631496589, -0.9354648507010868, 0.12636651230828608, -0.3300560826129906, -4.352268234697475e-08, 0.9338925647443929, 0.3575537407371625, -3.176335573196411, -0.80901700258255, 1.7999999523162842]}, "Camera0079": {"frame": 79, "pose": [0.3591842709015356, 0.33419702241373084, -0.8713776504746541, -0.9332666604657426, 0.12862143749858929, -0.3353652729173325, -2.2962174739404671e-07, 0.9336856409014722, 0.3580937362958957, -3.1633918285369873, -0.838670551776886, 1.7999999523162842]}, "Camera0080": {"frame": 80, "pose": [0.36425600969305105, 0.3341122977224699, -0.869302324805995, -0.931298856115744, 0.13068024625304758, -0.34000752026499304, -5.196466190682256e-08, 0.9334300433079357, 0.3587594657289795, -3.1500000953674316, -0.8660253882408142, 1.7999999523162842]}, "Camera0081": {"frame": 81, "pose": [0.36862115647405314, 0.33423525947159505, -0.8674129548984654, -0.9295797130960443, 0.13253975610764174, -0.34396914113217, 8.635031889525624e-08, 0.9331237883458348, 0.35955527478137517, -3.136197090148926, -0.8910065293312073, 1.7999999523162842]}, "Camera0082": {"frame": 82, "pose": [0.3722637784202261, 0.3345757567721873, -0.8657244031772553, -0.9281269736820985, 0.13419554814297238, -0.3472346117286069, 7.782852406990052e-08, 0.9327650389240183, 0.3604849263992444, -3.122020959854126, -0.9135454297065735, 1.7999999523162842]}, "Camera0083": {"frame": 83, "pose": [0.3751682757064785, 0.33514249363011217, -0.8642501222833687, -0.9269567222386523, 0.1356425713007717, -0.34978897630927275, -4.0931091405127504e-08, 0.9323521876492301, 0.3615513769655608, -3.1075103282928467, -0.9335803985595703, 1.7999999523162842]}, "Camera0084": {"frame": 84, "pose": [0.3773180719252905, 0.33594389363765564, -0.8630021859335889, -0.9260837287192643, 0.13687491677666191, -0.3516165305539631, -7.396392476266549e-08, 0.9318835536079352, 0.3627575533535327, -3.092705011367798, -0.9510565400123596, 1.7999999523162842]}, "Camera0085": {"frame": 85, "pose": [0.3786953078549945, 0.3369878113771224, -0.8619913449634329, -0.9255214010538119, 0.13788519219973078, -0.35270073711779, -7.19763448842059e-09, 0.9313575515103211, 0.36410590663253417, -3.077645778656006, -0.9659258127212524, 1.7999999523162842]}, "Camera0086": {"frame": 86, "pose": [0.37928086761721846, 0.33828025976024445, -0.8612273157047863, -0.9252815914409321, 0.13866424071241987, -0.3530243686888824, 2.566712282714406e-07, 0.9307731701140669, 0.36559719062890034, -3.062373399734497, -0.9781476259231567, 1.7999999523162842]}, "Camera0087": {"frame": 87, "pose": [0.3790552884295538, 0.3398276822173857, -0.8607172791993589, -0.9253740261718972, 0.13920154957280517, -0.35257033381006764, 1.9651354321581493e-08, 0.9301290636225111, 0.3672327940213268, -3.0469303131103516, -0.9876883625984192, 1.7999999523162842]}, "Camera0088": {"frame": 88, "pose": [0.3779958131817731, 0.34163426198081487, -0.8604680100142444, -0.9258073045818156, 0.139485153181885, -0.35131855462639494, 5.705499361852159e-08, 0.9294245117720158, 0.3690122991410269, -3.031358480453491, -0.9945219159126282, 1.7999999523162842]}, "Camera0089": {"frame": 89, "pose": [0.376080618067058, 0.34370332425943817, -0.860483232612531, -0.9265869461169255, 0.13950147904410695, -0.34925058143146515, 9.780456622365803e-08, 0.9286589052162899, 0.3709348160559646, -3.0157008171081543, -0.9986295104026794, 1.7999999523162842]}, "Camera0090": {"frame": 90, "pose": [0.373284551412546, 0.3460368204214846, -0.8607654515542102, -0.9277168984537952, 0.13923457144141524, -0.3463453340797247, 7.058596196429784e-08, 0.927832017677831, 0.37299832033385943, -3.0, -1.0, 1.7999999523162842]}, "Camera0091": {"frame": 91, "pose": [0.36958183222622354, 0.3486349580075104, -0.8613146552470874, -0.9291981862274086, 0.13866698363689442, -0.3425816667026116, -3.977964269097355e-08, 0.9269439754937441, 0.37519976851785464, -2.9842991828918457, -0.9986295104026794, 1.7999999523162842]}, "Camera0092": {"frame": 92, "pose": [0.36494578470757555, 0.35149594163054, -0.8621282835178486, -0.931028771963666, 0.13777980301772325, -0.33793808849584484, -1.5495746907845387e-09, 0.92599531796746, 0.37753499321565226, -2.968641519546509, -0.9945219159126282, 1.7999999523162842]}, "Camera0093": {"frame": 93, "pose": [0.3593479200939649, 0.3546157720737656, -0.8632014402911226, -0.9332036606894237, 0.1365515971717401, -0.3323922216083065, 1.1055755422262337e-08, 0.9249871974824159, 0.37999826906661816, -2.9530696868896484, -0.9876883625984192, 1.7999999523162842]}, "Camera0094": {"frame": 94, "pose": [0.3527586965927634, 0.35798776890731493, -0.8645264942677799, -0.9357143271202885, 0.13495922149616632, -0.32592131957724785, -2.340559746016879e-08, 0.923921406747301, 0.3825823233685632, -2.937626600265503, -0.9781476259231567, 1.7999999523162842]}, "Camera0095": {"frame": 95, "pose": [0.3451480871138355, 0.361602267963867, -0.866092718919313, -0.9385482395495873, 0.1329778950268999, -0.31850287514021797, -1.753437004481375e-07, 0.9228004547233398, 0.38527823811158446, -2.922354221343994, -0.9659258127212524, 1.7999999523162842]}, "Camera0096": {"frame": 96, "pose": [0.33648629516097966, 0.36544677524601127, -0.8678857226796218, -0.9416883630845385, 0.1305822801238368, -0.31011497053322357, -1.9382449423233084e-08, 0.9216273230432955, 0.3880761232284827, -2.907294988632202, -0.9510565400123596, 1.7999999523162842]}, "Camera0097": {"frame": 97, "pose": [0.3267427132786826, 0.3695036764156013, -0.8698886322022142, -0.9451133261780197, 0.1277440152048902, -0.30073620876118795, -6.810994790384934e-08, 0.9204067034168577, 0.39096227478531476, -2.8924896717071533, -0.9335803985595703, 1.7999999523162842]}, "Camera0098": {"frame": 98, "pose": [0.3158888501033278, 0.3737528830216037, -0.872079707832625, -0.9487962027645325, 0.12443599699191416, -0.2903471168657136, 3.589499897316272e-08, 0.9191433321771244, 0.393923260184431, -2.877979040145874, -0.9135454297065735, 1.7999999523162842]}, "Camera0099": {"frame": 99, "pose": [0.3038968188643825, 0.37816879502998807, -0.8744341518660371, -0.9527049509077341, 0.12062949346741793, -0.27892974352278405, 2.3804176407793417e-08, 0.9178436074688111, 0.39694220262985186, -2.863802909851074, -0.8910065293312073, 1.7999999523162842]}, "Camera0100": {"frame": 100, "pose": [0.29074170625341134, 0.38272056342655864, -0.8769231611579846, -0.956801578303907, 0.11629657759850555, -0.2664692211007257, -8.797596962040176e-08, 0.9165151806540535, 0.3999999045383136, -2.8499999046325684, -0.8660253882408142, 1.7999999523162842]}, "Camera0101": {"frame": 101, "pose": [0.2764028947870321, 0.3873727276351539, -0.8795133936659804, -0.9610418511976097, 0.11141145849528068, -0.25295463459408285, 1.431837972631906e-07, 0.9151665732534462, 0.40307585291049663, -2.8366081714630127, -0.838670551776886, 1.7999999523162842]}, "Camera0102": {"frame": 102, "pose": [0.2608626969269656, 0.39208324206088724, -0.8821685692921811, -0.9653759129748151, 0.10594808322232156, -0.23837858609690235, -1.7987927947160544e-07, 0.9138083688370006, 0.4061456204902718, -2.823664426803589, -0.80901700258255, 1.7999999523162842]}, "Camera0103": {"frame": 103, "pose": [0.2441119211675509, 0.39680543427310155, -0.8848473412262833, -0.9697470649318186, 0.09988690173044087, -0.22274029029076936, 1.0180056619901717e-07, 0.9124516722512094, 0.40918448871622826, -2.811203956604004, -0.7771459817886353, 1.7999999523162842]}, "Camera0104": {"frame": 104, "pose": [0.22614725321743923, 0.4014871395249804, -0.8875052093696444, -0.9740931268940368, 0.09321006148073413, -0.20604481205930825, 7.292216253063082e-08, 0.9111091928165398, 0.4121650625237272, -2.7992608547210693, -0.7431448101997375, 1.7999999523162842]}, "Camera0105": {"frame": 105, "pose": [0.20697475975542035, 0.4060690403964056, -0.8900951540457505, -0.9783462826750886, 0.08590609472609492, -0.1883047903393505, -1.4689645411181065e-07, 0.9097956239290523, 0.4150565294987237, -2.787868022918701, -0.7071067690849304, 1.7999999523162842]}, "Camera0106": {"frame": 106, "pose": [0.18661219158485565, 0.4104897384386009, -0.8925660001302458, -0.9824336567686723, 0.077971909781303, -0.16954200462773442, -1.774979807578338e-07, 0.908525484464616, 0.41782944376659614, -2.7770564556121826, -0.6691306233406067, 1.7999999523162842]}, "Camera0107": {"frame": 107, "pose": [0.16508708196548416, 0.41468150383426516, -0.8948661943250923, -0.9862789946907112, 0.06941098310581266, -0.1497860476017863, 3.88233623027645e-08, 0.9073154720393767, 0.42045051337578543, -2.7668561935424805, -0.6293203830718994, 1.7999999523162842]}, "Camera0108": {"frame": 108, "pose": [0.14244253369243168, 0.41857489670765874, -0.8969421276991361, -0.9898030736440844, 0.060237046449805834, -0.12907894344054405, -6.080875891711908e-08, 0.906182406627483, 0.4228870368299548, -2.7572948932647705, -0.5877852439880371, 1.7999999523162842]}, "Camera0109": {"frame": 109, "pose": [0.11873404966020268, 0.42209920591032246, -0.8987404997112146, -0.9929260926429446, 0.050474308246253846, -0.10747147880194341, -3.208444923075094e-07, 0.9051434165793492, 0.4251063342541013, -2.748398780822754, -0.5446390509605408, 1.7999999523162842]}, "Camera0110": {"frame": 110, "pose": [0.09403448865169758, 0.42518405536864806, -0.9002088835399726, -0.9955689403270832, 0.04016005138319118, -0.08502737987794186, 1.4882469656640695e-07, 0.9042155104471333, 0.42707646934338117, -2.740192413330078, -0.5, 1.7999999523162842]}, "Camera0111": {"frame": 111, "pose": [0.06842919614748856, 0.42776073908539214, -0.9012980612492894, -0.9976559753314809, 0.02934008383833195, -0.06182001589898973, -1.5010842346896425e-08, 0.9034156903538253, 0.42876577571270896, -2.7326979637145996, -0.45399048924446106, 1.7999999523162842]}, "Camera0112": {"frame": 112, "pose": [0.04202137113458204, 0.4297659800581704, -0.9019619763341523, -0.9991167120851892, 0.018075525364347974, -0.03793508949355495, 2.256661133515062e-07, 0.9027593686954698, 0.430145931321576, -2.7259364128112793, -0.4067366421222687, 1.7999999523162842]}, "Camera0113": {"frame": 113, "pose": [0.014926431578634044, 0.4311430014966975, -0.902160137614574, -0.9998885946145794, 0.0064360540244101615, -0.013467574699119246, -9.919430254967649e-08, 0.9022606549490084, 0.43119103716447604, -2.719925880432129, -0.3583679497241974, 1.7999999523162842]}, "Camera0114": {"frame": 114, "pose": [-0.012726007102829826, 0.43184419991206574, -0.9018584344261167, -0.999919021092811, -0.0054962012359598, 0.0114779366076118, -1.1509099806517017e-07, 0.9019314712184521, 0.4318791743366484, -2.7146830558776855, -0.30901700258255005, 1.7999999523162842]}, "Camera0115": {"frame": 115, "pose": [-0.0407946559842261, 0.4318334276581949, -0.9010303473247187, -0.9991675515363367, -0.017631265785612735, 0.036787802648146406, -1.0262102279057198e-07, 0.901781031749821, 0.4321932100070729, -2.7102222442626953, -0.258819043636322, 1.7999999523162842]}, "Camera0116": {"frame": 116, "pose": [-0.06913226071715883, 0.4310859581484325, -0.8996586170405876, -0.9976075032436624, -0.029873161958144344, 0.062344716428647695, 2.8424324227671223e-07, 0.9018162179079895, 0.432119785612796, -2.7065556049346924, -0.2079116851091385, 1.7999999523162842]}, "Camera0117": {"frame": 117, "pose": [-0.097585382050338, 0.4295918766876062, -0.8977348788445898, -0.995227156587926, -0.04212290131444733, 0.08802595057575369, 3.5596940506366075e-08, 0.9020401768595865, 0.43165208134691624, -2.703693389892578, -0.15643446147441864, 1.7999999523162842]}, "Camera0118": {"frame": 118, "pose": [-0.12599797292546655, 0.4273557695086621, -0.8952606084746122, -0.99203049893573, -0.05427853886365354, 0.11370720909490958, -5.888749932125847e-09, 0.9024527059555455, 0.43078894311891736, -2.701643466949463, -0.10452846437692642, 1.7999999523162842]}, "Camera0119": {"frame": 119, "pose": [-0.15421545541514892, 0.4243966609168257, -0.8922472008999228, -0.9880372428765417, -0.06624107794952115, 0.13926423187957218, -1.4139021686787553e-07, 0.9030501612838207, 0.4295351047414468, -2.700411081314087, -0.0523359552025795, 1.7999999523162842]}}, "environment": {"name": "bunny_scene", "width": 0.024, "resolution_x": 640, "resolution_y": 480, "lens": 0.035, "max_depth": 20.0, "min_depth": 1.0}}