{"cameras": {"Camera0000": {"frame": 0, "pose": [-0.169906884431839, 0.42335519194602966, -0.8898887634277344, -0.985460102558136, -0.07299217581748962, 0.15342912077903748, 9.833338765474764e-08, 0.9030185341835022, 0.4296015501022339, -2.9000000953674316, 0.0, 1.899999976158142]}, "Camera0001": {"frame": 1, "pose": [-0.11073366552591324, 0.4389253556728363, -0.8916740417480469, -0.9893604516983032, 0.03649988770484924, 0.14083199203014374, 0.09436073154211044, 0.8977818489074707, 0.43021360039711, -2.900547742843628, 0.010452846065163612, 1.8994522094726562]}, "Camera0002": {"frame": 2, "pose": [-0.0503060445189476, 0.44620513916015625, -0.8935157060623169, -0.9809423685073853, 0.14603973925113678, 0.1281578093767166, 0.18767347931861877, 0.8829345107078552, 0.43035486340522766, -2.9021852016448975, 0.02079116925597191, 1.8978147506713867]}, "Camera0003": {"frame": 3, "pose": [0.01020178571343422, 0.44513294100761414, -0.8954063653945923, -0.9602411985397339, 0.2541922628879547, 0.11542600393295288, 0.27898529171943665, 0.858628511428833, 0.43002820014953613, -2.9048943519592285, 0.030901700258255005, 1.8951056003570557]}, "Camera0004": {"frame": 4, "pose": [0.06962084025144577, 0.4358217418193817, -0.8973362445831299, -0.9274693131446838, 0.35952994227409363, 0.10265912860631943, 0.36736032366752625, 0.8251046538352966, 0.4292420446872711, -2.9086453914642334, 0.04067366570234299, 1.8913545608520508]}, "Camera0005": {"frame": 5, "pose": [0.1268179714679718, 0.41855475306510925, -0.8992936611175537, -0.8830147385597229, 0.4606587290763855, 0.08988028019666672, 0.451887309551239, 0.7826911807060242, 0.42800983786582947, -2.9133975505828857, 0.05000000074505806, 1.886602520942688]}, "Camera0006": {"frame": 6, "pose": [0.1807217299938202, 0.3937774896621704, -0.9012652039527893, -0.8274356126785278, 0.5562407970428467, 0.07711327821016312, 0.5316859483718872, 0.7318028807640076, 0.42635032534599304, -2.919098377227783, 0.05877852439880371, 1.8809016942977905]}, "Camera0007": {"frame": 7, "pose": [0.230347141623497, 0.36208420991897583, -0.9032359719276428, -0.7614496350288391, 0.6450187563896179, 0.06438335031270981, 0.6059163212776184, 0.6729382276535034, 0.4242871105670929, -2.925685405731201, 0.06691306084394455, 1.8743144273757935]}, "Camera0008": {"frame": 8, "pose": [0.2748161852359772, 0.3242010772228241, -0.9051904082298279, -0.6859229207038879, 0.7258341312408447, 0.051716748625040054, 0.6737847328186035, 0.6066782474517822, 0.4218479096889496, -2.93308687210083, 0.07431448251008987, 1.866913080215454]}, "Camera0009": {"frame": 9, "pose": [0.3133770525455475, 0.2809674143791199, -0.9071120023727417, -0.6018539071083069, 0.7976464629173279, 0.03914119303226471, 0.7345520257949829, 0.5336829423904419, 0.4190654158592224, -2.9412214756011963, 0.08090169727802277, 1.858778476715088]}, "Camera0010": {"frame": 10, "pose": [0.3454183340072632, 0.23331104218959808, -0.9089841246604919, -0.5103556513786316, 0.859549343585968, 0.02668490633368492, 0.7875425815582275, 0.4546877145767212, 0.4159756898880005, -2.950000047683716, 0.08660253882408142, 1.850000023841858]}, "Camera0011": {"frame": 11, "pose": [0.37047892808914185, 0.18222539126873016, -0.9107904434204102, -0.41263553500175476, 0.9107827544212341, 0.014377588406205177, 0.8321521878242493, 0.3704979121685028, 0.412618488073349, -2.9593262672424316, 0.09135454893112183, 1.8406736850738525]}, "Camera0012": {"frame": 12, "pose": [0.38825318217277527, 0.12874369323253632, -0.9125155210494995, -0.3099755346775055, 0.9507418870925903, 0.0022498706821352243, 0.8678563237190247, 0.2819839417934418, 0.40903595089912415, -2.9690983295440674, 0.09510564804077148, 1.8309017419815063]}, "Camera0013": {"frame": 13, "pose": [0.3985934555530548, 0.07391268759965897, -0.9141445159912109, -0.20370784401893616, 0.978983998298645, -0.009667263366281986, 0.8942182660102844, 0.1900717169046402, 0.4052732288837433, -2.9792089462280273, 0.09781476110219955, 1.8207911252975464]}, "Camera0014": {"frame": 14, "pose": [0.4015054702758789, 0.01877053640782833, -0.9156642556190491, -0.09519874304533005, 0.9952294826507568, -0.02134169265627861, 0.9108954668045044, 0.09573889523744583, 0.40137702226638794, -2.9895472526550293, 0.0994521901011467, 1.8104528188705444]}, "Camera0015": {"frame": 15, "pose": [0.39714136719703674, -0.03567939251661301, -0.9170636534690857, 0.014178740791976452, 0.9993633031845093, -0.03274114057421684, 0.9176478981971741, 5.341843944961511e-08, 0.3973943889141083, -3.0, 0.10000000149011612, 1.7999999523162842]}, "Camera0016": {"frame": 16, "pose": [0.3857905864715576, -0.08848816901445389, -0.9183329939842224, 0.12306224554777145, 0.9914304614067078, -0.04383334517478943, 0.9143419861793518, -0.09610162675380707, 0.39337408542633057, -3.0104527473449707, 0.0994521901011467, 1.7895472049713135]}, "Camera0017": {"frame": 17, "pose": [0.3678648769855499, -0.13877739012241364, -0.919465184211731, 0.23011641204357147, 0.9716311097145081, -0.054584652185440063, 0.9009560942649841, -0.19150425493717194, 0.3893639147281647, -3.0207910537719727, 0.09781476110219955, 1.779208779335022]}, "Camera0018": {"frame": 18, "pose": [0.3438843786716461, -0.18575981259346008, -0.9204546809196472, 0.33405619859695435, 0.9403117895126343, -0.0649629458785057, 0.8775818943977356, -0.2851438522338867, 0.3854127526283264, -3.0309016704559326, 0.09510564804077148, 1.7690982818603516]}, "Camera0019": {"frame": 19, "pose": [0.3144568204879761, -0.22874541580677032, -0.9212993383407593, 0.43365639448165894, 0.8979570865631104, -0.07493476569652557, 0.8444282412528992, -0.37596359848976135, 0.381565660238266, -3.0406737327575684, 0.09135454893112183, 1.7593263387680054]}, "Camera0020": {"frame": 20, "pose": [0.28026285767555237, -0.26715514063835144, -0.9219983220100403, 0.5277696251869202, 0.8451771140098572, -0.084467813372612, 0.8018178939819336, -0.46292951703071594, 0.3778681457042694, -3.049999952316284, 0.08660253882408142, 1.75]}, "Camera0021": {"frame": 21, "pose": [0.2420341521501541, -0.3005240261554718, -0.9225534200668335, 0.6153363585472107, 0.7826961874961853, -0.09353018552064896, 0.75018709897995, -0.5450431108474731, 0.3743625581264496, -3.0587785243988037, 0.08090169727802277, 1.7412214279174805]}, "Camera0022": {"frame": 22, "pose": [0.20053789019584656, -0.32850342988967896, -0.9229680895805359, 0.6953931450843811, 0.7113410830497742, -0.10208944231271744, 0.6900818347930908, -0.6213528513908386, 0.3710898756980896, -3.06691312789917, 0.07431448251008987, 1.7330869436264038]}, "Camera0023": {"frame": 23, "pose": [0.15655449032783508, -0.3508603572845459, -0.9232484698295593, 0.7670838832855225, 0.6320262551307678, -0.1101139560341835, 0.6221519112586975, -0.6909701824188232, 0.3680858910083771, -3.074314594268799, 0.06691306084394455, 1.725685477256775]}, "Camera0024": {"frame": 24, "pose": [0.11086441576480865, -0.36747655272483826, -0.9234013557434082, 0.8296644687652588, 0.5457412600517273, -0.11757275462150574, 0.5471433997154236, -0.7530786991119385, 0.3653855323791504, -3.080901622772217, 0.05877852439880371, 1.7190983295440674]}, "Camera0025": {"frame": 25, "pose": [0.06423025578260422, -0.37833988666534424, -0.923435628414154, 0.8825078010559082, 0.4535372257232666, -0.12443477660417557, 0.4658910632133484, -0.8069466948509216, 0.3630186915397644, -3.0866024494171143, 0.05000000074505806, 1.71339750289917]}, "Camera0026": {"frame": 26, "pose": [0.017382891848683357, -0.38353878259658813, -0.9233611822128296, 0.9251077175140381, 0.3565124571323395, -0.13066968321800232, 0.3793066442012787, -0.8519371151924133, 0.36101189255714417, -3.0913546085357666, 0.04067366570234299, 1.7086454629898071]}, "Camera0027": {"frame": 27, "pose": [-0.02898930199444294, -0.38325291872024536, -0.9231883883476257, 0.9570797681808472, 0.2558024823665619, -0.13624751567840576, 0.28837114572525024, -0.8875146508216858, 0.3593880832195282, -3.0951056480407715, 0.030901700258255005, 1.7048943042755127]}, "Camera0028": {"frame": 28, "pose": [-0.07425232231616974, -0.3777422606945038, -0.9229286909103394, 0.9781638979911804, 0.15256275236606598, -0.14113803207874298, 0.19411833584308624, -0.9132553935050964, 0.3581657111644745, -3.0978147983551025, 0.02079116925597191, 1.7021852731704712]}, "Camera0029": {"frame": 29, "pose": [-0.11783470958471298, -0.3673366606235504, -0.9225934743881226, 0.9882227182388306, 0.0479595884680748, -0.1453123837709427, 0.09762576967477798, -0.9288507103919983, 0.3573591411113739, -3.099452257156372, 0.010452846065163612, 1.7005478143692017]}, "Camera0030": {"frame": 30, "pose": [-0.1592322587966919, -0.3524235486984253, -0.9221945405006409, 0.9872411489486694, -0.05684252083301544, -0.14874085783958435, -8.114919580748392e-08, -0.9341127276420593, 0.356978178024292, -3.0999999046325684, 1.2246467698671066e-17, 1.7000000476837158]}, "Camera0031": {"frame": 31, "pose": [-0.19801586866378784, -0.33343714475631714, -0.9217425584793091, 0.9753236770629883, -0.16069559752941132, -0.1513955146074295, -0.09763909131288528, -0.9289761185646057, 0.35702943801879883, -3.099452257156372, -0.010452846065163612, 1.7005478143692017]}, "Camera0032": {"frame": 32, "pose": [-0.23383069038391113, -0.3108443319797516, -0.9212486147880554, 0.9526914358139038, -0.26247718930244446, -0.1532474011182785, -0.19417065382003784, -0.9134995937347412, 0.357513964176178, -3.0978147983551025, -0.02079116925597191, 1.7021852731704712]}, "Camera0033": {"frame": 33, "pose": [-0.26639777421951294, -0.2851347327232361, -0.9207227826118469, 0.9196786880493164, -0.3610987961292267, -0.1542685180902481, -0.2884845435619354, -0.8878659009933472, 0.3584282398223877, -3.0951056480407715, -0.030901700258255005, 1.7048943042755127]}, "Camera0034": {"frame": 34, "pose": [-0.29551705718040466, -0.256808340549469, -0.9201734066009521, 0.8767254948616028, -0.4555250108242035, -0.1544325351715088, -0.37950244545936584, -0.8523769378662109, 0.35976582765579224, -3.0913546085357666, -0.04067366570234299, 1.7086454629898071]}, "Camera0035": {"frame": 35, "pose": [-0.3210592567920685, -0.22636492550373077, -0.9196085333824158, 0.8243749737739563, -0.5447736382484436, -0.15371274948120117, -0.4661833345890045, -0.8074531555175781, 0.3615141808986664, -3.0866024494171143, -0.05000000074505806, 1.71339750289917]}, "Camera0036": {"frame": 36, "pose": [-0.34296634793281555, -0.19429458677768707, -0.9190341234207153, 0.7632646560668945, -0.6279311776161194, -0.152084082365036, -0.5475410223007202, -0.7536259889602661, 0.3636574447154999, -3.080901622772217, -0.05877852439880371, 1.7190983295440674]}, "Camera0037": {"frame": 37, "pose": [-0.36124587059020996, -0.16106688976287842, -0.9184545874595642, 0.6941179037094116, -0.7041613459587097, -0.1495230495929718, -0.6226570010185242, -0.6915303468704224, 0.3661747872829437, -3.074314594268799, -0.06691306084394455, 1.725685477256775]}, "Camera0038": {"frame": 38, "pose": [-0.3759640157222748, -0.12712450325489044, -0.9178727865219116, 0.6177377700805664, -0.7727106213569641, -0.1460079401731491, -0.6906888484954834, -0.6218984127044678, 0.36904099583625793, -3.06691312789917, -0.07431448251008987, 1.7330869436264038]}, "Camera0039": {"frame": 39, "pose": [-0.3872395157814026, -0.09287559986114502, -0.9172893166542053, 0.5349965691566467, -0.8329171538352966, -0.14151929318904877, -0.7508823275566101, -0.5455484986305237, 0.3722265660762787, -3.0587785243988037, -0.08090169727802277, 1.7412214279174805]}, "Camera0040": {"frame": 40, "pose": [-0.3952364921569824, -0.05868583917617798, -0.9167028069496155, 0.4468216598033905, -0.8842189908027649, -0.13604092597961426, -0.8025823831558228, -0.46337103843688965, 0.3756977319717407, -3.049999952316284, -0.08660253882408142, 1.75]}, "Camera0041": {"frame": 41, "pose": [-0.400154709815979, -0.02487754262983799, -0.9161098599433899, 0.3541928827762604, -0.9261541366577148, -0.12956033647060394, -0.8452358245849609, -0.37632375955581665, 0.3794163763523102, -3.0406737327575684, -0.09135454893112183, 1.7593263387680054]}, "Camera0042": {"frame": 42, "pose": [-0.4022212326526642, 0.00827654916793108, -0.9155051112174988, 0.2581218183040619, -0.9583697319030762, -0.12206820398569107, -0.8784026503562927, -0.2854102551937103, 0.3833402693271637, -3.0309016704559326, -0.09510564804077148, 1.7690982818603516]}, "Camera0043": {"frame": 43, "pose": [-0.4016818404197693, 0.04055323824286461, -0.9148809313774109, 0.15964819490909576, -0.9806203246116638, -0.11356134712696075, -0.9017561674118042, -0.1916746199131012, 0.3874231278896332, -3.0207910537719727, -0.09781476110219955, 1.779208779335022]}, "Camera0044": {"frame": 44, "pose": [-0.3987918496131897, 0.07178083062171936, -0.9142278432846069, 0.059819746762514114, -0.9927723407745361, -0.10404151678085327, -0.9150883555412292, -0.0961797833442688, 0.391615629196167, -3.0104527473449707, -0.0994521901011467, 1.7895472049713135]}, "Camera0045": {"frame": 45, "pose": [-0.3938070237636566, 0.10183675587177277, -0.9135345220565796, -0.04031370207667351, -0.9948011040687561, -0.09351753443479538, -0.918308675289154, 9.40090529866211e-08, 0.3958651125431061, -3.0, -0.10000000149011612, 1.7999999523162842]}, "Camera0046": {"frame": 46, "pose": [-0.3869747221469879, 0.13064542412757874, -0.9127882122993469, -0.13971474766731262, -0.9867901802062988, -0.08200538903474808, -0.9114441275596619, 0.09579595923423767, 0.4001159369945526, -2.9895472526550293, -0.0994521901011467, 1.8104528188705444]}, "Camera0047": {"frame": 47, "pose": [-0.3785264492034912, 0.15817610919475555, -0.9119747877120972, -0.23737378418445587, -0.9689269065856934, -0.06952915340662003, -0.8946347832679749, 0.19016028940677643, 0.40431132912635803, -2.9792089462280273, -0.09781476110219955, 1.8207911252975464]}, "Camera0048": {"frame": 48, "pose": [-0.3686707615852356, 0.1844339817762375, -0.9110795855522156, -0.3323122560977936, -0.9414982795715332, -0.05612074211239815, -0.8681304454803467, 0.28207284212112427, 0.4083925485610962, -2.9690983295440674, -0.09510564804077148, 1.8309017419815063]}, "Camera0049": {"frame": 49, "pose": [-0.3575860261917114, 0.20945776998996735, -0.9100877642631531, -0.4235982596874237, -0.9048841595649719, -0.041822563856840134, -0.8322840332984924, 0.37055641412734985, 0.41229987144470215, -2.9593262672424316, -0.09135454893112183, 1.8406736850738525]}, "Camera0050": {"frame": 50, "pose": [-0.34541821479797363, 0.2333110272884369, -0.9089841842651367, -0.5103555917739868, -0.859549343585968, -0.026684975251555443, -0.7875426411628723, 0.4546876847743988, 0.4159756004810333, -2.950000047683716, -0.08660253882408142, 1.850000023841858]}, "Camera0051": {"frame": 51, "pose": [-0.3322751224040985, 0.2560741901397705, -0.9077550768852234, -0.5917679667472839, -0.8060364127159119, -0.01076873391866684, -0.7344412207603455, 0.5336021780967712, 0.4193623661994934, -2.9412214756011963, -0.08090169727802277, 1.858778476715088]}, "Camera0052": {"frame": 52, "pose": [-0.31822502613067627, 0.2778379023075104, -0.9063878655433655, -0.6670885682106018, -0.7449554204940796, 0.005855587776750326, -0.6735916137695312, 0.6065043210983276, 0.4224059283733368, -2.93308687210083, -0.07431448251008987, 1.866913080215454]}, "Camera0053": {"frame": 53, "pose": [-0.3032980263233185, 0.29869163036346436, -0.9048721790313721, -0.7356412410736084, -0.6769770383834839, 0.023109525442123413, -0.6056750416755676, 0.6726703643798828, 0.42505568265914917, -2.925685405731201, -0.06691306084394455, 1.8743144273757935]}, "Camera0054": {"frame": 54, "pose": [-0.2874862253665924, 0.31871768832206726, -0.9032002687454224, -0.7968257069587708, -0.6028229594230652, 0.04090572148561478, -0.5314325094223022, 0.731453001499176, 0.4272657334804535, -2.919098377227783, -0.05877852439880371, 1.8809016942977905]}, "Camera0055": {"frame": 55, "pose": [-0.2707459330558777, 0.33798447251319885, -0.9013673663139343, -0.8501213192939758, -0.52325439453125, 0.05914905294775963, -0.45165297389030457, 0.7822859883308411, 0.4289968013763428, -2.9133975505828857, -0.05000000074505806, 1.886602520942688]}, "Camera0056": {"frame": 56, "pose": [-0.2530052065849304, 0.35653552412986755, -0.8993724584579468, -0.895082950592041, -0.43907082080841064, 0.07773899286985397, -0.3671714961528778, 0.824681282043457, 0.43021607398986816, -2.9086453914642334, -0.04067366570234299, 1.8913545608520508]}, "Camera0057": {"frame": 57, "pose": [-0.2341679334640503, 0.37438562512397766, -0.8972183465957642, -0.9313452243804932, -0.3510984778404236, 0.09657065570354462, -0.27885735034942627, 0.8582338094711304, 0.4308982789516449, -2.9048943519592285, -0.030901700258255005, 1.8951056003570557]}, "Camera0058": {"frame": 58, "pose": [-0.2141200751066208, 0.3915167450904846, -0.8949118256568909, -0.9586220383644104, -0.26018327474594116, 0.11553552001714706, -0.18760699033737183, 0.8826206922531128, 0.43102705478668213, -2.9021852016448975, -0.02079116925597191, 1.8978147506713867]}, "Camera0059": {"frame": 59, "pose": [-0.19274061918258667, 0.40787196159362793, -0.892463743686676, -0.976703941822052, -0.16719010472297668, 0.1345246434211731, -0.09434227645397186, 0.8976011872291565, 0.43059447407722473, -2.900547742843628, -0.010452846065163612, 1.8994522094726562]}}, "environment": {"name": "bunny_scene_roll", "width": 0.024, "resolution_x": 640, "resolution_y": 480, "lens": 0.035, "max_depth": 20.0, "min_depth": 1.0}}