{"cameras": {"Camera0000": {"frame": 0, "pose": [-0.16990687020030498, 0.42335519025425034, -0.8898887786367037, -0.9854601237283639, -0.07299214363872535, 0.15342910906441906, 1.2010576710963476e-07, 0.9030185656185653, 0.4296015248438655, -2.9000000953674316, 0.0, 1.899999976158142]}, "Camera0001": {"frame": 1, "pose": [-0.14055049409946904, 0.4321659238922852, -0.8907739179133629, -0.9889453421408214, -0.01834192594331889, 0.1471417140401169, 0.047251125556634625, 0.9016075576319319, 0.4299664442193295, -2.900136947631836, 0.005233595613390207, 1.8998630046844482]}, "Camera0002": {"frame": 2, "pose": [-0.11073366400264373, 0.4389253851482617, -0.8916740222351439, -0.9893604400820982, 0.036500011643669235, 0.1408320586747525, 0.09436087778897846, 0.8977818529144272, 0.4302136321880459, -2.900547742843628, 0.010452846065163612, 1.8994522094726562]}, "Camera0003": {"frame": 3, "pose": [-0.08060370001110216, 0.44360932119321617, -0.8925882666128959, -0.9866931482836275, 0.0913532991391193, 0.1345035533602817, 0.14120791293218596, 0.8915522109707835, 0.4303428638172633, -2.901231050491333, 0.015643445774912834, 1.8987687826156616]}, "Camera0004": {"frame": 4, "pose": [-0.050306009764659966, 0.446205105486543, -0.8935157017195059, -0.9809423744732879, 0.14603983493188977, 0.12815781121638384, 0.1876735552608993, 0.882934522176367, 0.43035481431596045, -2.9021852016448975, 0.02079116925597191, 1.8978147506713867]}, "Camera0005": {"frame": 5, "pose": [-0.019988239554946358, 0.4467100403860073, -0.8944554824572466, -0.9721180014072492, 0.20037952059195713, 0.12179753309206529, 0.23363874169210333, 0.8719507942227411, 0.43024963780909964, -2.903407335281372, 0.025881905108690262, 1.896592617034912]}, "Camera0006": {"frame": 6, "pose": [0.010201764115600307, 0.4451328918379672, -0.895406406394827, -0.9602411669193841, 0.25419231505791057, 0.11542602964149637, 0.2789853497268796, 0.8586285434164581, 0.43002813753090874, -2.9048943519592285, 0.030901700258255005, 1.8951056003570557]}, "Camera0007": {"frame": 7, "pose": [0.04011922186562177, 0.44149323079226654, -0.8963672100213749, -0.94534385806835, 0.3073012138865291, 0.10904565079045136, 0.3235976483989714, 0.8430004099100262, 0.42969159968771026, -2.906641960144043, 0.03583679348230362, 1.8933579921722412]}, "Camera0008": {"frame": 8, "pose": [0.06962087272742264, 0.43582178655817283, -0.8973362270865445, -0.9274692943272244, 0.3595299799833407, 0.10265915240902325, 0.36736037097220003, 0.8251045775260377, 0.42924211580965177, -2.9086453914642334, 0.04067366570234299, 1.8913545608520508]}, "Camera0009": {"frame": 9, "pose": [0.09856558735355099, 0.4281587452673554, -0.8983122585386071, -0.9066715127678723, 0.41070532803888815, 0.09626994056135695, 0.4101604477821666, 0.8049852311512014, 0.4286807491637331, -2.9108994007110596, 0.045399051159620285, 1.8891006708145142]}, "Camera0010": {"frame": 10, "pose": [0.12681795991359499, 0.4185547730760596, -0.8992936711545356, -0.8830147722666736, 0.4606587095553142, 0.08988028298613267, 0.4518872835145823, 0.7826911621106252, 0.42800984539112025, -2.9133975505828857, 0.05000000074505806, 1.886602520942688]}, "Camera0011": {"frame": 11, "pose": [0.154245177654293, 0.4070711702157283, -0.900278561085175, -0.8565745732346612, 0.5092236894074583, 0.08349391974338322, 0.4924311379860677, 0.7582771897699773, 0.4272321123420995, -2.916132926940918, 0.05446390435099602, 1.8838670253753662]}, "Camera0012": {"frame": 12, "pose": [0.1807217005352198, 0.3937775671570496, -0.9012651632896579, -0.8274356211040881, 0.5562407970463119, 0.07711334922940072, 0.5316859598331991, 0.7318028445593519, 0.42635036860672565, -2.919098377227783, 0.05877852439880371, 1.8809016942977905]}, "Camera0013": {"frame": 13, "pose": [0.20612707540769967, 0.3787528334613218, -0.9022515835003498, -0.795692491844617, 0.6015555062683524, 0.07074200520433654, 0.5695481430098536, 0.7033329681048986, 0.4253676630525421, -2.922285318374634, 0.06293203681707382, 1.8777146339416504]}, "Camera0014": {"frame": 14, "pose": [0.23034715626569696, 0.36208410655809353, -0.9032360086811939, -0.7614496509428009, 0.6450187779105832, 0.06438326818222642, 0.6059163446214281, 0.6729382407923962, 0.4242870577802742, -2.925685405731201, 0.06691306084394455, 1.8743144273757935]}, "Camera0015": {"frame": 15, "pose": [0.2532760660391496, 0.34386634702181706, -0.9042163290704297, -0.7248193974907339, 0.6864897114543755, 0.05804065031043021, 0.6406934332369124, 0.6406932272571323, 0.42311241195920823, -2.9292893409729004, 0.0707106813788414, 1.8707107305526733]}, "Camera0016": {"frame": 16, "pose": [0.2748161700210884, 0.3242011384253679, -0.9051904189388196, -0.6859228741045557, 0.7258341292296318, 0.05171680215953012, 0.6737847456533029, 0.6066782002752016, 0.42184793212217636, -2.93308687210083, 0.07431448251008987, 1.866913080215454]}, "Camera0017": {"frame": 17, "pose": [0.29487687107507393, 0.3031970211013685, -0.9061562764226878, -0.6448890710336048, 0.7629256073634889, 0.04541589689156983, 0.7050997922041875, 0.5709781817410433, 0.42049756124061377, -2.937067985534668, 0.07771459966897964, 1.8629320859909058]}, "Camera0018": {"frame": 18, "pose": [0.3133769808615537, 0.2809674137319727, -0.9071119998582666, -0.6018539167141207, 0.7976464292247127, 0.0391412427106973, 0.7345520613285145, 0.5336829455452291, 0.41906536820906404, -2.9412214756011963, 0.08090169727802277, 1.858778476715088]}, "Camera0019": {"frame": 19, "pose": [0.33024506954088706, 0.25763136223889427, -0.908055215961489, -0.5569602653280334, 0.8298874005029566, 0.03289628143380563, 0.7620586964858163, 0.49488683926467186, 0.4175566541596021, -2.9455361366271973, 0.08386705815792084, 1.8544639348983765]}, "Camera0020": {"frame": 20, "pose": [0.3454183193992668, 0.23331103626486505, -0.9089841280134661, -0.5103556516890605, 0.8595493150130453, 0.026684899281031516, 0.7875425660955859, 0.45468773396433215, 0.4159756857918024, -2.950000047683716, 0.08660253882408142, 1.850000023841858]}, "Camera0021": {"frame": 21, "pose": [0.358843910054956, 0.2081330001570278, -0.9098965339323507, -0.46219502489284775, 0.886541071571439, 0.020510665061485134, 0.8109295944659872, 0.4131895239022878, 0.4143279017356063, -2.9546010494232178, 0.08910065144300461, 1.845399022102356]}, "Camera0022": {"frame": 22, "pose": [0.3704789463694092, 0.1822254013039118, -0.910790455273133, -0.41263552579529833, 0.910782744464435, 0.01437759498210095, 0.8321521935010747, 0.3704979021606734, 0.4126185058209216, -2.9593262672424316, 0.09135454893112183, 1.8406736850738525]}, "Camera0023": {"frame": 23, "pose": [0.3802899530784302, 0.15571839913933733, -0.9116640454449696, -0.3618401588334573, 0.9322032972920917, 0.0082892685521897, 0.851147020815431, 0.3267243374577933, 0.41085271846463706, -2.964163303375244, 0.09335803985595703, 1.8358367681503296]}, "Camera0024": {"frame": 24, "pose": [0.3882531875903876, 0.12874369924218038, -0.9125154915021128, -0.30997551945509005, 0.950741876334672, 0.0022498715906432154, 0.8678563473665734, 0.2819839436724479, 0.40903595911176727, -2.9690983295440674, 0.09510564804077148, 1.8309017419815063]}, "Camera0025": {"frame": 25, "pose": [0.39435586557872915, 0.10143145778632034, -0.9133428220854387, -0.25720775126410367, 0.9663489054953555, -0.0037370493161719143, 0.8822287821043442, 0.23639258071959537, 0.40717431624233774, -2.9741179943084717, 0.09659258276224136, 1.8258819580078125]}, "Camera0026": {"frame": 26, "pose": [0.398593490385119, 0.07391265310815864, -0.9141444902930395, -0.2037078187337299, 0.9789839978082059, -0.00966729653049414, 0.8942182921464724, 0.19007170159173006, 0.4052732340590363, -2.9792089462280273, 0.09781476110219955, 1.8207911252975464]}, "Camera0027": {"frame": 27, "pose": [0.40097178783721044, 0.04631709834497394, -0.9149187678474703, -0.14964815646357973, 0.9886172366521421, -0.015536687592094867, 0.9037848497433906, 0.1431456803231743, 0.40333888924715966, -2.984356641769409, 0.09876883774995804, 1.8156434297561646]}, "Camera0028": {"frame": 28, "pose": [0.4015054339245389, 0.018770529814282677, -0.9156642691180862, -0.09519874570952663, 0.9952294865027204, -0.02134169653200982, 0.9108954854122402, 0.09573889703784266, 0.4013769777273937, -2.9895472526550293, 0.0994521901011467, 1.8104528188705444]}, "Camera0029": {"frame": 29, "pose": [0.40021772970546116, -0.008601901947962148, -0.916379711752876, -0.04053268956068598, 0.9988112394266504, -0.02707783359088177, 0.9155232765508388, 0.047980363461275204, 0.39939330842634363, -2.9947664737701416, 0.0998629555106163, 1.8052335977554321]}, "Camera0030": {"frame": 30, "pose": [0.39714134453332406, -0.03567938909503102, -0.9170636475491047, 0.014178740476165819, 0.9993632878957494, -0.03274113810952324, 0.9176479258303661, 5.2151642557842487e-08, 0.39739436863048794, -3.0, 0.10000000149011612, 1.7999999523162842]}, "Camera0031": {"frame": 31, "pose": [0.39231598493453324, -0.062345501240140364, -0.9177152098772053, 0.0687665189201292, 0.9968962650923354, -0.038327568675299864, 0.9172564166253919, -0.04807156248831494, 0.39538562320787213, -3.0052335262298584, 0.0998629555106163, 1.7947664260864258]}, "Camera0032": {"frame": 32, "pose": [0.3857906133240218, -0.08848816429521358, -0.9183329719936763, 0.12306224074337287, 0.9914304428925262, -0.04383334129574651, 0.9143419970526866, -0.09610162165953567, 0.393374110409051, -3.0104527473449707, 0.0994521901011467, 1.7895472049713135]}, "Camera0033": {"frame": 33, "pose": [0.377619465162054, -0.11399917520615349, -0.9189166053473194, 0.1768994834485462, 0.9829957520746259, -0.04925367152688409, 0.9089059974971899, -0.1439567277189829, 0.39136472536252015, -3.015643358230591, 0.09876883774995804, 1.7843565940856934]}, "Camera0034": {"frame": 34, "pose": [0.3678649135066691, -0.13877743273304988, -0.9194651867116854, 0.23011636479109196, 0.9716310869892822, -0.05458469979178093, 0.900956083317086, -0.1915041904503647, 0.38936394411127295, -3.0207910537719727, 0.09781476110219955, 1.779208779335022]}, "Camera0035": {"frame": 35, "pose": [0.3565952999252989, -0.1627274738509486, -0.9199780221968756, 0.2825535658788432, 0.9573843226936835, -0.05982257993021711, 0.8905073129853209, -0.23861061986937185, 0.38737797769777493, -3.0258820056915283, 0.09659258276224136, 1.7741180658340454]}, "Camera0036": {"frame": 36, "pose": [0.34388437194955734, -0.18575985263504957, -0.9204546788831394, 0.3340562119581983, 0.9403117886784651, -0.06496296887031194, 0.8775818970221513, -0.2851438535569555, 0.38541276159163657, -3.0309016704559326, 0.09510564804077148, 1.7690982818603516]}, "Camera0037": {"frame": 37, "pose": [0.3298102933899157, -0.20779072515006736, -0.9208953170234209, 0.3844720471667868, 0.9204786952200713, -0.07000154707815442, 0.8622101920769887, -0.33097127698270756, 0.38347307401041597, -3.035836696624756, 0.09335803985595703, 1.7641632556915283]}, "Camera0038": {"frame": 38, "pose": [0.31445682622143806, -0.22874535792904888, -0.9212993355411973, 0.43365640840504355, 0.8979570754213744, -0.0749347059107473, 0.8444282230550909, -0.37596363112221826, 0.3815656223789273, -3.0406737327575684, 0.09135454893112183, 1.7593263387680054]}, "Camera0039": {"frame": 39, "pose": [0.2979105882482313, -0.2485543686963797, -0.9216669719652195, 0.48146787336520724, 0.8728271841067762, -0.07975834502683987, 0.8242802729210359, -0.4199921814583931, 0.37969540316817463, -3.0453989505767822, 0.08910065144300461, 1.754601001739502]}, "Camera0040": {"frame": 40, "pose": [0.28026279852854385, -0.2671551568874884, -0.9219983112291313, 0.5277696380532421, 0.8451771340808224, -0.08446787067327655, 0.8018179175536667, -0.4629295131824595, 0.37786808930439253, -3.049999952316284, 0.08660253882408142, 1.75]}, "Camera0041": {"frame": 41, "pose": [0.2616053773214507, -0.28449436458419025, -0.9222936533861323, 0.5724339498278708, 0.8150998001304548, -0.08906002982121436, 0.7770984491304588, -0.5046536162033625, 0.376088723590465, -3.0544638633728027, 0.08386705815792084, 1.7455360889434814]}, "Camera0042": {"frame": 42, "pose": [0.24203413262615478, -0.30052406352124594, -0.9225533946003251, 0.615336334741498, 0.7826961671827368, -0.09353023588312365, 0.7501870925247942, -0.5450431149203994, 0.37436256368267407, -3.0587785243988037, 0.08090169727802277, 1.7412214279174805]}, "Camera0043": {"frame": 43, "pose": [0.22164615563814113, -0.31520443207255366, -0.9227779514556315, 0.6563591395832691, 0.7480730292582243, -0.097874525704775, 0.721155781767257, -0.5839802298864601, 0.37269482089963846, -3.062932014465332, 0.07771459966897964, 1.7370679378509521]}, "Camera0044": {"frame": 44, "pose": [0.20053787105338947, -0.3285035125907656, -0.9229680408816454, 0.6953931121238323, 0.7113410879650697, -0.10208954982466256, 0.6900818660739503, -0.6213527973608871, 0.3710899073374199, -3.06691312789917, 0.07431448251008987, 1.7330869436264038]}, "Camera0045": {"frame": 45, "pose": [0.17880790981277805, -0.3403947636383249, -0.9231246591203132, 0.7323336336757901, 0.6726182120008586, -0.10617056970734276, 0.6570503636522843, -0.6570510982963023, 0.36955199072934775, -3.0707106590270996, 0.0707106813788414, 1.7292892932891846]}, "Camera0046": {"frame": 46, "pose": [0.15655441365876496, -0.3508603438099259, -0.9232484685638752, 0.7670838025665787, 0.6320263714134612, -0.11011405758544923, 0.6221520356021978, -0.6909701042588703, 0.36808580469304636, -3.074314594268799, 0.06691306084394455, 1.725685477256775]}, "Camera0047": {"frame": 47, "pose": [0.13387477534253497, -0.35988917001765053, -0.9233403109531135, 0.7995545640732996, 0.5896911363843634, -0.11391603372341377, 0.585482744063855, -0.723010476392787, 0.366695796853105, -3.077714681625366, 0.06293203681707382, 1.7222853899002075]}, "Camera0048": {"frame": 48, "pose": [0.11086441231373843, -0.3674765313766002, -0.9234013650465067, 0.8296644712145356, 0.545741251503698, -0.1175727502930947, 0.5471434430628174, -0.7530786713847365, 0.3653855052116403, -3.080901622772217, 0.05877852439880371, 1.7190983295440674]}, "Camera0049": {"frame": 49, "pose": [0.08761859459486224, -0.3736240884647839, -0.9234327384276997, 0.8573377643366261, 0.5003113845921424, -0.1210804537890779, 0.5072424861183227, -0.7810848602849454, 0.3641586210844808, -3.083867073059082, 0.05446390435099602, 1.7161329984664917]}, "Camera0050": {"frame": 50, "pose": [0.06423021525605688, -0.378339840346317, -0.9234356743460174, 0.8825077616168272, 0.45353724046122706, -0.12443481104928969, 0.46589111403225747, -0.8069466752651865, 0.3630186402159586, -3.0866024494171143, 0.05000000074505806, 1.71339750289917]}, "Camera0051": {"frame": 51, "pose": [0.04078908053341422, -0.3816381833233153, -0.9234113644194111, 0.9051151525714792, 0.40555705143711335, -0.12763243559198634, 0.4232054010699138, -0.8305876082986756, 0.3619688017577471, -3.0891005992889404, 0.045399051159620285, 1.7108993530273438]}, "Camera0052": {"frame": 52, "pose": [0.017382799163661977, -0.3835388375611158, -0.9233611419025083, 0.9251076746330112, 0.3565125332512041, -0.13066982807791439, 0.3793067737707018, -0.8519370714536827, 0.3610119079124461, -3.0913546085357666, 0.04067366570234299, 1.7086454629898071]}, "Camera0053": {"frame": 53, "pose": [-0.005903318831189461, -0.3840669578033136, -0.9232863709329219, 0.9424412750147511, 0.30654664322398517, -0.13354249764279938, 0.3343195985510686, -0.8709315285668642, 0.36015091083160944, -3.093358039855957, 0.03583679348230362, 1.7066419124603271]}, "Camera0054": {"frame": 54, "pose": [-0.02898927269898698, -0.3832529061407289, -0.9231884054747814, 0.9570797936826614, 0.25580245563109333, -0.13624746682950428, 0.28837109874732264, -0.8875146836124955, 0.3593880851940889, -3.0951056480407715, 0.030901700258255005, 1.7048943042755127]}, "Camera0055": {"frame": 55, "pose": [-0.051796632415524416, -0.3811315753467674, -0.9230687033715868, 0.9689943690402324, 0.20442585186712217, -0.13878034391340663, 0.24159267712149937, -0.9016367302645188, 0.3587257796690589, -3.096592664718628, 0.025881905108690262, 1.7034074068069458]}, "Camera0056": {"frame": 56, "pose": [-0.07425230911363191, -0.37774227234359353, -0.9229286918695248, 0.9781639126730173, 0.15256281250482165, -0.1411380465531269, 0.19411840339212463, -0.9132553662176407, 0.35816571798425284, -3.0978147983551025, 0.02079116925597191, 1.7021852731704712]}, "Camera0057": {"frame": 57, "pose": [-0.0962866361573368, -0.37312842005923097, -0.9227697794366734, 0.9845752696426017, 0.10035887067459956, -0.14331655691202308, 0.14608361340582587, -0.9223357735776169, 0.3577097967253289, -3.098768949508667, 0.015643445774912834, 1.7012311220169067]}, "Camera0058": {"frame": 58, "pose": [-0.11783464408441116, -0.3673367553384098, -0.9225934667181149, 0.9882227471295477, 0.04795963639207552, -0.14531233716677255, 0.09762580964698846, -0.9288506776950691, 0.3573592307974999, -3.099452257156372, 0.010452846065163612, 1.7005478143692017]}, "Camera0059": {"frame": 59, "pose": [-0.13883523602484715, -0.3604173295706939, -0.9224012824053612, 0.9891082042088701, -0.0044885996251611965, -0.14712176195284293, 0.04888494251432605, -0.9327803605450401, 0.35711491340580587, -3.099863052368164, 0.005233595613390207, 1.7001370191574097]}, "Camera0060": {"frame": 60, "pose": [-0.15923230494800683, -0.3524235676253914, -0.9221945033685334, 0.987241142305636, -0.056842545407460705, -0.14874088869797572, -8.828552466866301e-08, -0.9341127094809233, 0.35697821500226073, -3.0999999046325684, 1.2246467698671066e-17, 1.7000000476837158]}, "Camera0061": {"frame": 61, "pose": [-0.1789750380341448, -0.3434111631078453, -0.9219743536636977, 0.9826382244736637, -0.10895877201377414, -0.1501669264668366, -0.04888819452508298, -0.9328433732702223, 0.35694983594604773, -3.099863052368164, -0.005233595613390207, 1.7001370191574097]}, "Camera0062": {"frame": 62, "pose": [-0.19801583497031586, -0.3334371721311068, -0.9217425786748811, 0.9753237163665127, -0.16069552073825988, -0.151395501609769, -0.09763901573665469, -0.928976104028446, 0.3570294396126279, -3.099452257156372, -0.010452846065163612, 1.7005478143692017]}, "Camera0063": {"frame": 63, "pose": [-0.216313217937098, -0.32256135082908094, -0.92150028035645, 0.9653288048128262, -0.2119136616498969, -0.1524234188199881, -0.14611259474917976, -0.9225219644851018, 0.35721748935097003, -3.098768949508667, -0.015643445774912834, 1.7012311220169067]}, "Camera0064": {"frame": 64, "pose": [-0.23383072012138723, -0.31084433899015806, -0.9212486044739959, 0.9526914116632716, -0.262477255634491, -0.15324739612022362, -0.1941707199104853, -0.9134995824806696, 0.3575139778205687, -3.0978147983551025, -0.02079116925597191, 1.7021852731704712]}, "Camera0065": {"frame": 65, "pose": [-0.2505344742528477, -0.29834800684692314, -0.9209891117821738, 0.9374575244846666, -0.31224898255422506, -0.15386345466332152, -0.24167305807211936, -0.9019362725294506, 0.35791771861386035, -3.096592664718628, -0.025881905108690262, 1.7034074068069458]}, "Camera0066": {"frame": 66, "pose": [-0.2663977638650396, -0.2851347629544627, -0.9207227586861363, 0.9196786804794874, -0.36109881559406737, -0.15426849985681018, -0.2884845855140539, -0.8878658751925677, 0.3584282795613655, -3.0951056480407715, -0.030901700258255005, 1.7048943042755127]}, "Camera0067": {"frame": 67, "pose": [-0.281398209905887, -0.27126730486411355, -0.9204504857804805, 0.8994129124690956, -0.40889942153432557, -0.1544593019301626, -0.3344719126408398, -0.8713296232658764, 0.3590448819767863, -3.093358039855957, -0.03583679348230362, 1.7066419124603271]}, "Camera0068": {"frame": 68, "pose": [-0.29551713463141377, -0.2568082651581387, -0.9201734282654037, 0.8767254421693556, -0.4555250427059545, -0.15443262129707688, -0.3795024666483564, -0.8523769415078083, 0.3597657951968304, -3.0913546085357666, -0.04067366570234299, 1.7086454629898071]}, "Camera0069": {"frame": 69, "pose": [-0.30874049222124605, -0.2418202231664769, -0.9198925416214103, 0.8516873160507041, -0.5008550182107006, -0.15418484494757184, -0.4234477820715686, -0.8310639147507694, 0.36058944168929186, -3.0891005992889404, -0.045399051159620285, 1.7108993530273438]}, "Camera0070": {"frame": 70, "pose": [-0.3210593879160158, -0.2263648533057278, -0.9196085159560397, 0.8243749753635363, -0.5447735573000345, -0.15371295085657188, -0.46618319298893884, -0.807453233602134, 0.36151418522665957, -3.0866024494171143, -0.05000000074505806, 1.71339750289917]}, "Camera0071": {"frame": 71, "pose": [-0.332468358222444, -0.2105028167260707, -0.91932222584427, 0.7948713215478699, -0.5871680720832221, -0.15301384678131214, -0.5075868132266789, -0.7816151350098477, 0.3625374570467474, -3.083867073059082, -0.05446390435099602, 1.7161329984664917]}, "Camera0072": {"frame": 72, "pose": [-0.34296633524422576, -0.19429455169724758, -0.9190341234523944, 0.7632647235020966, -0.6279310245894887, -0.15208415504339362, -0.5475409160477538, -0.753626071429831, 0.3636573795687722, -3.080901622772217, -0.05877852439880371, 1.7190983295440674]}, "Camera0073": {"frame": 73, "pose": [-0.3525564888903283, -0.1777972632480947, -0.918744826011451, 0.7296475798688665, -0.6669611566773757, -0.15092125322526032, -0.5859337260585277, -0.7235682059523241, 0.3648708264606878, -3.077714681625366, -0.06293203681707382, 1.7222853899002075]}, "Camera0074": {"frame": 74, "pose": [-0.3612460125826558, -0.16106685086680145, -0.9184545649867407, 0.6941179257157581, -0.7041612804978389, -0.149523229792889, -0.6226569068059752, -0.6915304480639268, 0.36617484322017496, -3.074314594268799, -0.06691306084394455, 1.725685477256775]}, "Camera0075": {"frame": 75, "pose": [-0.36904354573906323, -0.144159055028605, -0.9181639440762197, 0.656779548233506, -0.7394392619240777, -0.14788577669054842, -0.6576073953131394, -0.6576075917889291, 0.3675660061145939, -3.0707106590270996, -0.0707106813788414, 1.7292892932891846]}, "Camera0076": {"frame": 76, "pose": [-0.37596433201163376, -0.12712426514016828, -0.9178726721433743, 0.617737904235462, -0.7727104322653245, -0.1460084570807954, -0.6906885714457893, -0.6218987128792819, 0.3690410386302143, -3.06691312789917, -0.07431448251008987, 1.7330869436264038]}, "Camera0077": {"frame": 77, "pose": [-0.3820229689952756, -0.11001460698023174, -0.917581188457468, 0.5771053460297683, -0.8038943638050171, -0.14388631424283538, -0.7218087494232084, -0.5845088862399884, 0.37059612944901654, -3.062932014465332, -0.07771459966897964, 1.7370679378509521]}, "Camera0078": {"frame": 78, "pose": [-0.3872395005237325, -0.09287556257012275, -0.9172893213765292, 0.5349965232908362, -0.8329171686888936, -0.14151929257170093, -0.7508823405173728, -0.5455484579581911, 0.3722265314544248, -3.0587785243988037, -0.08090169727802277, 1.7412214279174805]}, "Camera0079": {"frame": 79, "pose": [-0.3916362570359801, -0.07575205222393822, -0.9169965478444886, 0.4915282359581866, -0.8597124091317878, -0.13890488414973257, -0.7778309812746474, -0.5051298844541661, 0.3739288226396033, -3.0544638633728027, -0.08386705815792084, 1.7455360889434814]}, "Camera0080": {"frame": 80, "pose": [-0.3952365801223091, -0.05868575551687144, -0.9167028023479777, 0.44682158906736064, -0.884219040374729, -0.13604100919249307, -0.8025824027952146, -0.46337098607725463, 0.37569777213240496, -3.049999952316284, -0.08660253882408142, 1.75]}, "Camera0081": {"frame": 81, "pose": [-0.3980667901706938, -0.041715692799332404, -0.916407459341898, 0.4010014564773326, -0.9063819984824566, -0.13292668930657242, -0.8250700954865948, -0.42039442646307745, 0.37752862637490336, -3.0453989505767822, -0.08910065144300461, 1.754601001739502]}, "Camera0082": {"frame": 82, "pose": [-0.40015472172165495, -0.0248773343225675, -0.9161098825582377, 0.35419275747781387, -0.9261541808108515, -0.12956050291984444, -0.8452358778673131, -0.37632373244798645, 0.37941634013612124, -3.0406737327575684, -0.09135454893112183, 1.7593263387680054]}, "Camera0083": {"frame": 83, "pose": [-0.4015292560393449, -0.008203390944194866, -0.9158094566674373, 0.3065225482854938, -0.9434949945001223, -0.12594094943973283, -0.8630284954374666, -0.33128522413508116, 0.3813553675152767, -3.035836696624756, -0.09335803985595703, 1.7641632556915283]}, "Camera0084": {"frame": 84, "pose": [-0.4022211119788486, 0.008276485356111696, -0.9155051484664893, 0.2581218786807547, -0.9583696923946228, -0.12206813034430308, -0.8784026826147654, -0.2854102879883381, 0.38334018141279896, -3.0309016704559326, -0.09510564804077148, 1.7690982818603516]}, "Camera0085": {"frame": 85, "pose": [-0.40226116984165305, 0.024536254138290747, -0.9151961120276276, 0.20912024633888174, -0.970751531405357, -0.11794145516025917, -0.8913218688043002, -0.23882930412119702, 0.3853646191390624, -3.0258820056915283, -0.09659258276224136, 1.7741180658340454]}, "Camera0086": {"frame": 86, "pose": [-0.4016818546754151, 0.040553200724059546, -0.9148809351689173, 0.15964818152280214, -0.9806203589542855, -0.11356130388838681, -0.9017561453968479, -0.19167459277484394, 0.38742315976670344, -3.0207910537719727, -0.09781476110219955, 1.779208779335022]}, "Camera0087": {"frame": 87, "pose": [-0.40051456544642805, 0.05630695008062128, -0.9145586969888141, 0.10983734947423358, -0.9879628267399716, -0.10892754307538521, -0.9096833732270443, -0.14407977079584502, 0.38950889607515105, -3.015643358230591, -0.09876883774995804, 1.7843565940856934]}, "Camera0088": {"frame": 88, "pose": [-0.39879198077918226, 0.07178087556892224, -0.9142277954474888, 0.059819665329180316, -0.9927723629129908, -0.10404154495230203, -0.9150882819193573, -0.09617973455315795, 0.3916157491153323, -3.0104527473449707, -0.0994521901011467, 1.7895472049713135]}, "Camera0089": {"frame": 89, "pose": [-0.3965456619537231, 0.08696090047945011, -0.9138869403670712, 0.009726317664140878, -0.9950494177368543, -0.09890427193121219, -0.9179634724379723, -0.04810881467413348, 0.39373672069070476, -3.0052335262298584, -0.0998629555106163, 1.7947664260864258]}, "Camera0090": {"frame": 90, "pose": [-0.39380699376629047, 0.10183672836455082, -0.9135345272165479, -0.04031376131251485, -0.9948011262337686, -0.09351748442330444, -0.9183086911870074, 1.7347562160249455e-07, 0.39586506247757636, -3.0, -0.10000000149011612, 1.7999999523162842]}, "Camera0091": {"frame": 91, "pose": [-0.3906069800520015, 0.1164000899062997, -0.9131687720265409, -0.09016992256657415, -0.9920412455665213, -0.08788374229152436, -0.9161307615176959, 0.0480123542916861, 0.3979940221113582, -2.9947664737701416, -0.0998629555106163, 1.8052335977554321]}, "Camera0092": {"frame": 92, "pose": [-0.3869747387258391, 0.13064557337674887, -0.9127881932546723, -0.13971483521648964, -0.9867901812906031, -0.08200550547913091, -0.9114440829850714, 0.09579599295126678, 0.4001159973382508, -2.9895472526550293, -0.0994521901011467, 1.8104528188705444]}, "Camera0093": {"frame": 93, "pose": [-0.38293908739833044, 0.1445710551274908, -0.9123907416024439, -0.18882465479298322, -0.9790743587506995, -0.07588576796223023, -0.9042692658079475, 0.1432222400894175, 0.4022244210126042, -2.984356641769409, -0.09876883774995804, 1.8156434297561646]}, "Camera0094": {"frame": 94, "pose": [-0.37852646048542293, 0.15817615201845608, -0.9119747933166859, -0.23737386760927076, -0.9689269029257037, -0.06952915764641804, -0.8946347666442401, 0.19016035790731545, 0.40431135600174245, -2.9792089462280273, -0.09781476110219955, 1.8207911252975464]}, "Camera0095": {"frame": 95, "pose": [-0.37376288498244803, 0.17146196865152008, -0.9115383146723689, -0.2852422679805588, -0.9563867296333017, -0.06293863629460866, -0.8825747301882739, 0.23648512994998883, 0.4063700640372424, -2.9741179943084717, -0.09659258276224136, 1.8258819580078125]}, "Camera0096": {"frame": 96, "pose": [-0.36867076879371774, 0.18443392505616707, -0.9110795747493329, -0.33231224201608023, -0.941498296177236, -0.05612069227662858, -0.8681304268618254, 0.2820728373731475, 0.4083925518088775, -2.9690983295440674, -0.09510564804077148, 1.8309017419815063]}, "Camera0097": {"frame": 97, "pose": [-0.3632721643732084, 0.1970966258412032, -0.910596647629244, -0.3784680705710589, -0.9243122266279695, -0.04907980505528747, -0.8513490789034922, 0.3268024292872649, 0.4103716828219481, -2.964163303375244, -0.09335803985595703, 1.8358367681503296]}, "Camera0098": {"frame": 98, "pose": [-0.35758618913329315, 0.20945762239333776, -0.9100877000390999, -0.42359818945329136, -0.9048842258469328, -0.041822382826549764, -0.8322840207723696, 0.3705563954848532, 0.4122999715404439, -2.9593262672424316, -0.09135454893112183, 1.8406736850738525]}, "Camera0099": {"frame": 99, "pose": [-0.35162979617721046, 0.22152608077802893, -0.9095508133004443, -0.46759609770334126, -0.8832743772342629, -0.03435496956820816, -0.8109934499445608, 0.41322218001524474, 0.4141703201467578, -2.9546010494232178, -0.08910065144300461, 1.845399022102356]}, "Camera0100": {"frame": 100, "pose": [-0.34541832537902023, 0.23331103684188959, -0.9089841255930248, -0.5103557610058967, -0.8595492519833663, -0.02668483882146211, -0.7875424926316328, 0.4546878528205892, 0.4159756949594013, -2.950000047683716, -0.08660253882408142, 1.850000023841858]}, "Camera0101": {"frame": 101, "pose": [-0.33896350726424335, 0.24482354699801145, -0.9083860256402208, -0.5517781321929734, -0.8337785642693474, -0.018820164679920537, -0.7620004157326666, 0.494848195510763, 0.4177087859059047, -2.9455361366271973, -0.08386705815792084, 1.8544639348983765]}, "Camera0102": {"frame": 102, "pose": [-0.33227514410873066, 0.25607424956655084, -0.9077550370647635, -0.5917679983769013, -0.8060363953134178, -0.010768729133357358, -0.7344411921348897, 0.5336022002757107, 0.4193624055115125, -2.9412214756011963, -0.08090169727802277, 1.858778476715088]}, "Camera0103": {"frame": 103, "pose": [-0.32536033842735124, 0.2670757228242553, -0.9070894159102183, -0.630234311792862, -0.7764008355946417, -0.002540615460745743, -0.7049435171823463, 0.5708522582646437, 0.42093032299507666, -2.937067985534668, -0.07771459966897964, 1.8629320859909058]}, "Camera0104": {"frame": 104, "pose": [-0.31822516895095854, 0.27783779150408405, -0.9063878328057294, -0.6670885763179287, -0.7449553953880415, 0.0058557858879595415, -0.6735915477440708, 0.6065044274318034, 0.4224059733400646, -2.93308687210083, -0.07431448251008987, 1.866913080215454]}, "Camera0105": {"frame": 105, "pose": [-0.31087089065434764, 0.2883728823678534, -0.9056491429127668, -0.702249848013016, -0.7117847483185804, 0.014409129978978419, -0.6404720449086506, 0.640471352033728, 0.4237829714778781, -2.9292893409729004, -0.0707106813788414, 1.8707107305526733]}, "Camera0106": {"frame": 106, "pose": [-0.3032980059403087, 0.29869169005445384, -0.9048721422858849, -0.7356414027035959, -0.6769768639788508, 0.023109570866773954, -0.6056748684078929, 0.6726704987806249, 0.4250557067600752, -2.925685405731201, -0.06691306084394455, 1.8743144273757935]}, "Camera0107": {"frame": 107, "pose": [-0.29550448196111584, 0.3088035664162059, -0.9040561146906336, -0.7671890231803481, -0.6406250779244251, 0.03194545735949561, -0.5692961477583314, 0.7030219533577567, 0.4262182882568135, -2.922285318374634, -0.06293203681707382, 1.8777146339416504]}, "Camera0108": {"frame": 108, "pose": [-0.2874863031010203, 0.31871762129506964, -0.9032002565352386, -0.7968257096254387, -0.6028229417344715, 0.04090586019770015, -0.5314324171606623, 0.7314530598709739, 0.42726573370230075, -2.919098377227783, -0.05877852439880371, 1.8809016942977905]}, "Camera0109": {"frame": 109, "pose": [-0.27923564621428315, 0.3284429247670646, -0.902304105639417, -0.8244896631671186, -0.5636657225925474, 0.04997747997641366, -0.49218314600752344, 0.7578959020503262, 0.4281933587077912, -2.916132926940918, -0.05446390435099602, 1.8838670253753662]}, "Camera0110": {"frame": 110, "pose": [-0.27074596154977404, 0.33798446262713744, -0.9013673653550663, -0.8501212420838886, -0.5232544946706036, 0.05914902843460565, -0.451653072681051, 0.7822859047877934, 0.4289968124684714, -2.9133975505828857, -0.05000000074505806, 1.886602520942688]}, "Camera0111": {"frame": 111, "pose": [-0.26200633044368304, 0.34734775903971116, -0.9003900360940953, -0.8736682900411564, -0.481688891824978, 0.06840709370369577, -0.4099468279960185, 0.804565314802046, 0.4296722616523988, -2.9108994007110596, -0.045399051159620285, 1.8891006708145142]}, "Camera0112": {"frame": 112, "pose": [-0.25300510978643653, 0.35653549411147833, -0.8993724789321926, -0.8950830090785299, -0.43907067614434614, 0.07773897483933725, -0.3671713786243116, 0.8246813825889552, 0.4302159875345078, -2.9086453914642334, -0.04067366570234299, 1.8913545608520508]}, "Camera0113": {"frame": 113, "pose": [-0.24373070532243513, 0.36554832987953245, -0.8983149569083847, -0.9143210873587768, -0.3955060664937841, 0.08713151311482281, -0.32343823598036825, 0.8425849333384137, 0.43062551900347085, -2.906641960144043, -0.03583679348230362, 1.8933579921722412]}, "Camera0114": {"frame": 114, "pose": [-0.234168025148893, 0.374385681126452, -0.8972183110956607, -0.9313452222964321, -0.3510985254115634, 0.09657071170616487, -0.2788573343189611, 0.8582337602432734, 0.4308983637416308, -2.9048943519592285, -0.030901700258255005, 1.8951056003570557]}, "Camera0115": {"frame": 115, "pose": [-0.2243025002410987, 0.38304388795808386, -0.8960835721535949, -0.9461218581067256, -0.3059547501774834, 0.10604301229459143, -0.23354189773629289, 0.8715899670956456, 0.43103261043677693, -2.903407335281372, -0.025881905108690262, 1.896592617034912]}, "Camera0116": {"frame": 116, "pose": [-0.2141201274265134, 0.39151674767082245, -0.894911843325428, -0.9586220260796162, -0.2601832840461798, 0.11553557814784365, -0.18760698853151828, 0.882620697126578, 0.4310270558305224, -2.9021852016448975, -0.02079116925597191, 1.8978147506713867]}, "Camera0117": {"frame": 117, "pose": [-0.20360440645625197, 0.39979674366272044, -0.8937045425800869, -0.9688224087594626, -0.21389176664702186, 0.12503380521334578, -0.14116793530086885, 0.8912984213591433, 0.43088135040355224, -2.901231050491333, -0.015643445774912834, 1.8987687826156616]}, "Camera0118": {"frame": 118, "pose": [-0.19274067514949114, 0.4078719934212173, -0.8924637074556706, -0.9767039373672467, -0.16719006663510347, 0.13452472021850487, -0.09434220091897194, 0.897601202428535, 0.43059450823786893, -2.900547742843628, -0.010452846065163612, 1.8994522094726562]}, "Camera0119": {"frame": 119, "pose": [-0.1815129261552279, 0.41573009836027924, -0.8911910810572103, -0.9822529394763785, -0.12018651835101841, 0.14399431827914025, -0.04724638111623803, 0.9015118890641503, 0.43016751777349055, -2.900136947631836, -0.005233595613390207, 1.8998630046844482]}}, "environment": {"name": "bunny_scene_roll", "width": 0.024, "resolution_x": 640, "resolution_y": 480, "lens": 0.035, "max_depth": 20.0, "min_depth": 1.0}}