{"cameras": {"Camera0000": {"frame": 0, "pose": [-0.16439885209498492, 0.3876902626902547, -0.9070111783462278, -0.9863939463671942, -0.0646150473371995, 0.1511683770759086, -6.240519212497016e-08, 0.9195222432724358, 0.3930379677934732, -3.0, 0.0, 1.7999999523162842]}, "Camera0001": {"frame": 1, "pose": [-0.16439885209498492, 0.3876902626902547, -0.9070111783462278, -0.9863939463671942, -0.0646150473371995, 0.1511683770759086, -6.240519212497016e-08, 0.9195222432724358, 0.3930379677934732, -3.0, 0.0, 1.7999999523162842]}, "Camera0002": {"frame": 2, "pose": [-0.16439885209498492, 0.3876902626902547, -0.9070111783462278, -0.9863939463671942, -0.0646150473371995, 0.1511683770759086, -6.240519212497016e-08, 0.9195222432724358, 0.3930379677934732, -3.0, 0.0, 1.7999999523162842]}, "Camera0003": {"frame": 3, "pose": [-0.16439885209498492, 0.3876902626902547, -0.9070111783462278, -0.9863939463671942, -0.0646150473371995, 0.1511683770759086, -6.240519212497016e-08, 0.9195222432724358, 0.3930379677934732, -3.0, 0.0, 1.7999999523162842]}, "Camera0004": {"frame": 4, "pose": [-0.16439885209498492, 0.3876902626902547, -0.9070111783462278, -0.9863939463671942, -0.0646150473371995, 0.1511683770759086, -6.240519212497016e-08, 0.9195222432724358, 0.3930379677934732, -3.0, 0.0, 1.7999999523162842]}, "Camera0005": {"frame": 5, "pose": [-0.16439885209498492, 0.3876902626902547, -0.9070111783462278, -0.9863939463671942, -0.0646150473371995, 0.1511683770759086, -6.240519212497016e-08, 0.9195222432724358, 0.3930379677934732, -3.0, 0.0, 1.7999999523162842]}, "Camera0006": {"frame": 6, "pose": [-0.16439885209498492, 0.3876902626902547, -0.9070111783462278, -0.9863939463671942, -0.0646150473371995, 0.1511683770759086, -6.240519212497016e-08, 0.9195222432724358, 0.3930379677934732, -3.0, 0.0, 1.7999999523162842]}, "Camera0007": {"frame": 7, "pose": [-0.16439885209498492, 0.3876902626902547, -0.9070111783462278, -0.9863939463671942, -0.0646150473371995, 0.1511683770759086, -6.240519212497016e-08, 0.9195222432724358, 0.3930379677934732, -3.0, 0.0, 1.7999999523162842]}, "Camera0008": {"frame": 8, "pose": [-0.16439885209498492, 0.3876902626902547, -0.9070111783462278, -0.9863939463671942, -0.0646150473371995, 0.1511683770759086, -6.240519212497016e-08, 0.9195222432724358, 0.3930379677934732, -3.0, 0.0, 1.7999999523162842]}, "Camera0009": {"frame": 9, "pose": [-0.16439885209498492, 0.3876902626902547, -0.9070111783462278, -0.9863939463671942, -0.0646150473371995, 0.1511683770759086, -6.240519212497016e-08, 0.9195222432724358, 0.3930379677934732, -3.0, 0.0, 1.7999999523162842]}, "Camera0010": {"frame": 10, "pose": [-0.16439885209498492, 0.3876902626902547, -0.9070111783462278, -0.9863939463671942, -0.0646150473371995, 0.1511683770759086, -6.240519212497016e-08, 0.9195222432724358, 0.3930379677934732, -3.0, 0.0, 1.7999999523162842]}, "Camera0011": {"frame": 11, "pose": [-0.16439885209498492, 0.3876902626902547, -0.9070111783462278, -0.9863939463671942, -0.0646150473371995, 0.1511683770759086, -6.240519212497016e-08, 0.9195222432724358, 0.3930379677934732, -3.0, 0.0, 1.7999999523162842]}, "Camera0012": {"frame": 12, "pose": [-0.16439885209498492, 0.3876902626902547, -0.9070111783462278, -0.9863939463671942, -0.0646150473371995, 0.1511683770759086, -6.240519212497016e-08, 0.9195222432724358, 0.3930379677934732, -3.0, 0.0, 1.7999999523162842]}, "Camera0013": {"frame": 13, "pose": [-0.16439885209498492, 0.3876902626902547, -0.9070111783462278, -0.9863939463671942, -0.0646150473371995, 0.1511683770759086, -6.240519212497016e-08, 0.9195222432724358, 0.3930379677934732, -3.0, 0.0, 1.7999999523162842]}, "Camera0014": {"frame": 14, "pose": [-0.16439885209498492, 0.3876902626902547, -0.9070111783462278, -0.9863939463671942, -0.0646150473371995, 0.1511683770759086, -6.240519212497016e-08, 0.9195222432724358, 0.3930379677934732, -3.0, 0.0, 1.7999999523162842]}, "Camera0015": {"frame": 15, "pose": [-0.16439885209498492, 0.3876902626902547, -0.9070111783462278, -0.9863939463671942, -0.0646150473371995, 0.1511683770759086, -6.240519212497016e-08, 0.9195222432724358, 0.3930379677934732, -3.0, 0.0, 1.7999999523162842]}, "Camera0016": {"frame": 16, "pose": [-0.16439885209498492, 0.3876902626902547, -0.9070111783462278, -0.9863939463671942, -0.0646150473371995, 0.1511683770759086, -6.240519212497016e-08, 0.9195222432724358, 0.3930379677934732, -3.0, 0.0, 1.7999999523162842]}, "Camera0017": {"frame": 17, "pose": [-0.16439885209498492, 0.3876902626902547, -0.9070111783462278, -0.9863939463671942, -0.0646150473371995, 0.1511683770759086, -6.240519212497016e-08, 0.9195222432724358, 0.3930379677934732, -3.0, 0.0, 1.7999999523162842]}, "Camera0018": {"frame": 18, "pose": [-0.16439885209498492, 0.3876902626902547, -0.9070111783462278, -0.9863939463671942, -0.0646150473371995, 0.1511683770759086, -6.240519212497016e-08, 0.9195222432724358, 0.3930379677934732, -3.0, 0.0, 1.7999999523162842]}, "Camera0019": {"frame": 19, "pose": [-0.16439885209498492, 0.3876902626902547, -0.9070111783462278, -0.9863939463671942, -0.0646150473371995, 0.1511683770759086, -6.240519212497016e-08, 0.9195222432724358, 0.3930379677934732, -3.0, 0.0, 1.7999999523162842]}, "Camera0020": {"frame": 20, "pose": [-0.16439885209498492, 0.3876902626902547, -0.9070111783462278, -0.9863939463671942, -0.0646150473371995, 0.1511683770759086, -6.240519212497016e-08, 0.9195222432724358, 0.3930379677934732, -3.0, 0.0, 1.7999999523162842]}, "Camera0021": {"frame": 21, "pose": [-0.16439885209498492, 0.3876902626902547, -0.9070111783462278, -0.9863939463671942, -0.0646150473371995, 0.1511683770759086, -6.240519212497016e-08, 0.9195222432724358, 0.3930379677934732, -3.0, 0.0, 1.7999999523162842]}, "Camera0022": {"frame": 22, "pose": [-0.16439885209498492, 0.3876902626902547, -0.9070111783462278, -0.9863939463671942, -0.0646150473371995, 0.1511683770759086, -6.240519212497016e-08, 0.9195222432724358, 0.3930379677934732, -3.0, 0.0, 1.7999999523162842]}, "Camera0023": {"frame": 23, "pose": [-0.16439885209498492, 0.3876902626902547, -0.9070111783462278, -0.9863939463671942, -0.0646150473371995, 0.1511683770759086, -6.240519212497016e-08, 0.9195222432724358, 0.3930379677934732, -3.0, 0.0, 1.7999999523162842]}, "Camera0024": {"frame": 24, "pose": [-0.16439885209498492, 0.3876902626902547, -0.9070111783462278, -0.9863939463671942, -0.0646150473371995, 0.1511683770759086, -6.240519212497016e-08, 0.9195222432724358, 0.3930379677934732, -3.0, 0.0, 1.7999999523162842]}, "Camera0025": {"frame": 25, "pose": [-0.16439885209498492, 0.3876902626902547, -0.9070111783462278, -0.9863939463671942, -0.0646150473371995, 0.1511683770759086, -6.240519212497016e-08, 0.9195222432724358, 0.3930379677934732, -3.0, 0.0, 1.7999999523162842]}, "Camera0026": {"frame": 26, "pose": [-0.16439885209498492, 0.3876902626902547, -0.9070111783462278, -0.9863939463671942, -0.0646150473371995, 0.1511683770759086, -6.240519212497016e-08, 0.9195222432724358, 0.3930379677934732, -3.0, 0.0, 1.7999999523162842]}, "Camera0027": {"frame": 27, "pose": [-0.16439885209498492, 0.3876902626902547, -0.9070111783462278, -0.9863939463671942, -0.0646150473371995, 0.1511683770759086, -6.240519212497016e-08, 0.9195222432724358, 0.3930379677934732, -3.0, 0.0, 1.7999999523162842]}, "Camera0028": {"frame": 28, "pose": [-0.16439885209498492, 0.3876902626902547, -0.9070111783462278, -0.9863939463671942, -0.0646150473371995, 0.1511683770759086, -6.240519212497016e-08, 0.9195222432724358, 0.3930379677934732, -3.0, 0.0, 1.7999999523162842]}, "Camera0029": {"frame": 29, "pose": [-0.16439885209498492, 0.3876902626902547, -0.9070111783462278, -0.9863939463671942, -0.0646150473371995, 0.1511683770759086, -6.240519212497016e-08, 0.9195222432724358, 0.3930379677934732, -3.0, 0.0, 1.7999999523162842]}, "Camera0030": {"frame": 30, "pose": [-0.16439885209498492, 0.3876902626902547, -0.9070111783462278, -0.9863939463671942, -0.0646150473371995, 0.1511683770759086, -6.240519212497016e-08, 0.9195222432724358, 0.3930379677934732, -3.0, 0.0, 1.7999999523162842]}, "Camera0031": {"frame": 31, "pose": [-0.16439885209498492, 0.3876902626902547, -0.9070111783462278, -0.9863939463671942, -0.0646150473371995, 0.1511683770759086, -6.240519212497016e-08, 0.9195222432724358, 0.3930379677934732, -3.0, 0.0, 1.7999999523162842]}, "Camera0032": {"frame": 32, "pose": [-0.16439885209498492, 0.3876902626902547, -0.9070111783462278, -0.9863939463671942, -0.0646150473371995, 0.1511683770759086, -6.240519212497016e-08, 0.9195222432724358, 0.3930379677934732, -3.0, 0.0, 1.7999999523162842]}, "Camera0033": {"frame": 33, "pose": [-0.16439885209498492, 0.3876902626902547, -0.9070111783462278, -0.9863939463671942, -0.0646150473371995, 0.1511683770759086, -6.240519212497016e-08, 0.9195222432724358, 0.3930379677934732, -3.0, 0.0, 1.7999999523162842]}, "Camera0034": {"frame": 34, "pose": [-0.16439885209498492, 0.3876902626902547, -0.9070111783462278, -0.9863939463671942, -0.0646150473371995, 0.1511683770759086, -6.240519212497016e-08, 0.9195222432724358, 0.3930379677934732, -3.0, 0.0, 1.7999999523162842]}, "Camera0035": {"frame": 35, "pose": [-0.16439885209498492, 0.3876902626902547, -0.9070111783462278, -0.9863939463671942, -0.0646150473371995, 0.1511683770759086, -6.240519212497016e-08, 0.9195222432724358, 0.3930379677934732, -3.0, 0.0, 1.7999999523162842]}, "Camera0036": {"frame": 36, "pose": [-0.16439885209498492, 0.3876902626902547, -0.9070111783462278, -0.9863939463671942, -0.0646150473371995, 0.1511683770759086, -6.240519212497016e-08, 0.9195222432724358, 0.3930379677934732, -3.0, 0.0, 1.7999999523162842]}, "Camera0037": {"frame": 37, "pose": [-0.16439885209498492, 0.3876902626902547, -0.9070111783462278, -0.9863939463671942, -0.0646150473371995, 0.1511683770759086, -6.240519212497016e-08, 0.9195222432724358, 0.3930379677934732, -3.0, 0.0, 1.7999999523162842]}, "Camera0038": {"frame": 38, "pose": [-0.16439885209498492, 0.3876902626902547, -0.9070111783462278, -0.9863939463671942, -0.0646150473371995, 0.1511683770759086, -6.240519212497016e-08, 0.9195222432724358, 0.3930379677934732, -3.0, 0.0, 1.7999999523162842]}, "Camera0039": {"frame": 39, "pose": [-0.16439885209498492, 0.3876902626902547, -0.9070111783462278, -0.9863939463671942, -0.0646150473371995, 0.1511683770759086, -6.240519212497016e-08, 0.9195222432724358, 0.3930379677934732, -3.0, 0.0, 1.7999999523162842]}, "Camera0040": {"frame": 40, "pose": [-0.16439885209498492, 0.3876902626902547, -0.9070111783462278, -0.9863939463671942, -0.0646150473371995, 0.1511683770759086, -6.240519212497016e-08, 0.9195222432724358, 0.3930379677934732, -3.0, 0.0, 1.7999999523162842]}, "Camera0041": {"frame": 41, "pose": [-0.16439885209498492, 0.3876902626902547, -0.9070111783462278, -0.9863939463671942, -0.0646150473371995, 0.1511683770759086, -6.240519212497016e-08, 0.9195222432724358, 0.3930379677934732, -3.0, 0.0, 1.7999999523162842]}, "Camera0042": {"frame": 42, "pose": [-0.16439885209498492, 0.3876902626902547, -0.9070111783462278, -0.9863939463671942, -0.0646150473371995, 0.1511683770759086, -6.240519212497016e-08, 0.9195222432724358, 0.3930379677934732, -3.0, 0.0, 1.7999999523162842]}, "Camera0043": {"frame": 43, "pose": [-0.16439885209498492, 0.3876902626902547, -0.9070111783462278, -0.9863939463671942, -0.0646150473371995, 0.1511683770759086, -6.240519212497016e-08, 0.9195222432724358, 0.3930379677934732, -3.0, 0.0, 1.7999999523162842]}, "Camera0044": {"frame": 44, "pose": [-0.16439885209498492, 0.3876902626902547, -0.9070111783462278, -0.9863939463671942, -0.0646150473371995, 0.1511683770759086, -6.240519212497016e-08, 0.9195222432724358, 0.3930379677934732, -3.0, 0.0, 1.7999999523162842]}, "Camera0045": {"frame": 45, "pose": [-0.16439885209498492, 0.3876902626902547, -0.9070111783462278, -0.9863939463671942, -0.0646150473371995, 0.1511683770759086, -6.240519212497016e-08, 0.9195222432724358, 0.3930379677934732, -3.0, 0.0, 1.7999999523162842]}, "Camera0046": {"frame": 46, "pose": [-0.16439885209498492, 0.3876902626902547, -0.9070111783462278, -0.9863939463671942, -0.0646150473371995, 0.1511683770759086, -6.240519212497016e-08, 0.9195222432724358, 0.3930379677934732, -3.0, 0.0, 1.7999999523162842]}, "Camera0047": {"frame": 47, "pose": [-0.16439885209498492, 0.3876902626902547, -0.9070111783462278, -0.9863939463671942, -0.0646150473371995, 0.1511683770759086, -6.240519212497016e-08, 0.9195222432724358, 0.3930379677934732, -3.0, 0.0, 1.7999999523162842]}, "Camera0048": {"frame": 48, "pose": [-0.16439885209498492, 0.3876902626902547, -0.9070111783462278, -0.9863939463671942, -0.0646150473371995, 0.1511683770759086, -6.240519212497016e-08, 0.9195222432724358, 0.3930379677934732, -3.0, 0.0, 1.7999999523162842]}, "Camera0049": {"frame": 49, "pose": [-0.16439885209498492, 0.3876902626902547, -0.9070111783462278, -0.9863939463671942, -0.0646150473371995, 0.1511683770759086, -6.240519212497016e-08, 0.9195222432724358, 0.3930379677934732, -3.0, 0.0, 1.7999999523162842]}, "Camera0050": {"frame": 50, "pose": [-0.16439885209498492, 0.3876902626902547, -0.9070111783462278, -0.9863939463671942, -0.0646150473371995, 0.1511683770759086, -6.240519212497016e-08, 0.9195222432724358, 0.3930379677934732, -3.0, 0.0, 1.7999999523162842]}, "Camera0051": {"frame": 51, "pose": [-0.16439885209498492, 0.3876902626902547, -0.9070111783462278, -0.9863939463671942, -0.0646150473371995, 0.1511683770759086, -6.240519212497016e-08, 0.9195222432724358, 0.3930379677934732, -3.0, 0.0, 1.7999999523162842]}, "Camera0052": {"frame": 52, "pose": [-0.16439885209498492, 0.3876902626902547, -0.9070111783462278, -0.9863939463671942, -0.0646150473371995, 0.1511683770759086, -6.240519212497016e-08, 0.9195222432724358, 0.3930379677934732, -3.0, 0.0, 1.7999999523162842]}, "Camera0053": {"frame": 53, "pose": [-0.16439885209498492, 0.3876902626902547, -0.9070111783462278, -0.9863939463671942, -0.0646150473371995, 0.1511683770759086, -6.240519212497016e-08, 0.9195222432724358, 0.3930379677934732, -3.0, 0.0, 1.7999999523162842]}, "Camera0054": {"frame": 54, "pose": [-0.16439885209498492, 0.3876902626902547, -0.9070111783462278, -0.9863939463671942, -0.0646150473371995, 0.1511683770759086, -6.240519212497016e-08, 0.9195222432724358, 0.3930379677934732, -3.0, 0.0, 1.7999999523162842]}, "Camera0055": {"frame": 55, "pose": [-0.16439885209498492, 0.3876902626902547, -0.9070111783462278, -0.9863939463671942, -0.0646150473371995, 0.1511683770759086, -6.240519212497016e-08, 0.9195222432724358, 0.3930379677934732, -3.0, 0.0, 1.7999999523162842]}, "Camera0056": {"frame": 56, "pose": [-0.16439885209498492, 0.3876902626902547, -0.9070111783462278, -0.9863939463671942, -0.0646150473371995, 0.1511683770759086, -6.240519212497016e-08, 0.9195222432724358, 0.3930379677934732, -3.0, 0.0, 1.7999999523162842]}, "Camera0057": {"frame": 57, "pose": [-0.16439885209498492, 0.3876902626902547, -0.9070111783462278, -0.9863939463671942, -0.0646150473371995, 0.1511683770759086, -6.240519212497016e-08, 0.9195222432724358, 0.3930379677934732, -3.0, 0.0, 1.7999999523162842]}, "Camera0058": {"frame": 58, "pose": [-0.16439885209498492, 0.3876902626902547, -0.9070111783462278, -0.9863939463671942, -0.0646150473371995, 0.1511683770759086, -6.240519212497016e-08, 0.9195222432724358, 0.3930379677934732, -3.0, 0.0, 1.7999999523162842]}, "Camera0059": {"frame": 59, "pose": [-0.16439885209498492, 0.3876902626902547, -0.9070111783462278, -0.9863939463671942, -0.0646150473371995, 0.1511683770759086, -6.240519212497016e-08, 0.9195222432724358, 0.3930379677934732, -3.0, 0.0, 1.7999999523162842]}, "Camera0060": {"frame": 60, "pose": [-0.16439885209498492, 0.3876902626902547, -0.9070111783462278, -0.9863939463671942, -0.0646150473371995, 0.1511683770759086, -6.240519212497016e-08, 0.9195222432724358, 0.3930379677934732, -3.0, 0.0, 1.7999999523162842]}, "Camera0061": {"frame": 61, "pose": [-0.16439885209498492, 0.3876902626902547, -0.9070111783462278, -0.9863939463671942, -0.0646150473371995, 0.1511683770759086, -6.240519212497016e-08, 0.9195222432724358, 0.3930379677934732, -3.0, 0.0, 1.7999999523162842]}, "Camera0062": {"frame": 62, "pose": [-0.16439885209498492, 0.3876902626902547, -0.9070111783462278, -0.9863939463671942, -0.0646150473371995, 0.1511683770759086, -6.240519212497016e-08, 0.9195222432724358, 0.3930379677934732, -3.0, 0.0, 1.7999999523162842]}, "Camera0063": {"frame": 63, "pose": [-0.16439885209498492, 0.3876902626902547, -0.9070111783462278, -0.9863939463671942, -0.0646150473371995, 0.1511683770759086, -6.240519212497016e-08, 0.9195222432724358, 0.3930379677934732, -3.0, 0.0, 1.7999999523162842]}, "Camera0064": {"frame": 64, "pose": [-0.16439885209498492, 0.3876902626902547, -0.9070111783462278, -0.9863939463671942, -0.0646150473371995, 0.1511683770759086, -6.240519212497016e-08, 0.9195222432724358, 0.3930379677934732, -3.0, 0.0, 1.7999999523162842]}, "Camera0065": {"frame": 65, "pose": [-0.16439885209498492, 0.3876902626902547, -0.9070111783462278, -0.9863939463671942, -0.0646150473371995, 0.1511683770759086, -6.240519212497016e-08, 0.9195222432724358, 0.3930379677934732, -3.0, 0.0, 1.7999999523162842]}, "Camera0066": {"frame": 66, "pose": [-0.16439885209498492, 0.3876902626902547, -0.9070111783462278, -0.9863939463671942, -0.0646150473371995, 0.1511683770759086, -6.240519212497016e-08, 0.9195222432724358, 0.3930379677934732, -3.0, 0.0, 1.7999999523162842]}, "Camera0067": {"frame": 67, "pose": [-0.16439885209498492, 0.3876902626902547, -0.9070111783462278, -0.9863939463671942, -0.0646150473371995, 0.1511683770759086, -6.240519212497016e-08, 0.9195222432724358, 0.3930379677934732, -3.0, 0.0, 1.7999999523162842]}, "Camera0068": {"frame": 68, "pose": [-0.16439885209498492, 0.3876902626902547, -0.9070111783462278, -0.9863939463671942, -0.0646150473371995, 0.1511683770759086, -6.240519212497016e-08, 0.9195222432724358, 0.3930379677934732, -3.0, 0.0, 1.7999999523162842]}, "Camera0069": {"frame": 69, "pose": [-0.16439885209498492, 0.3876902626902547, -0.9070111783462278, -0.9863939463671942, -0.0646150473371995, 0.1511683770759086, -6.240519212497016e-08, 0.9195222432724358, 0.3930379677934732, -3.0, 0.0, 1.7999999523162842]}, "Camera0070": {"frame": 70, "pose": [-0.16439885209498492, 0.3876902626902547, -0.9070111783462278, -0.9863939463671942, -0.0646150473371995, 0.1511683770759086, -6.240519212497016e-08, 0.9195222432724358, 0.3930379677934732, -3.0, 0.0, 1.7999999523162842]}, "Camera0071": {"frame": 71, "pose": [-0.16439885209498492, 0.3876902626902547, -0.9070111783462278, -0.9863939463671942, -0.0646150473371995, 0.1511683770759086, -6.240519212497016e-08, 0.9195222432724358, 0.3930379677934732, -3.0, 0.0, 1.7999999523162842]}, "Camera0072": {"frame": 72, "pose": [-0.16439885209498492, 0.3876902626902547, -0.9070111783462278, -0.9863939463671942, -0.0646150473371995, 0.1511683770759086, -6.240519212497016e-08, 0.9195222432724358, 0.3930379677934732, -3.0, 0.0, 1.7999999523162842]}, "Camera0073": {"frame": 73, "pose": [-0.16439885209498492, 0.3876902626902547, -0.9070111783462278, -0.9863939463671942, -0.0646150473371995, 0.1511683770759086, -6.240519212497016e-08, 0.9195222432724358, 0.3930379677934732, -3.0, 0.0, 1.7999999523162842]}, "Camera0074": {"frame": 74, "pose": [-0.16439885209498492, 0.3876902626902547, -0.9070111783462278, -0.9863939463671942, -0.0646150473371995, 0.1511683770759086, -6.240519212497016e-08, 0.9195222432724358, 0.3930379677934732, -3.0, 0.0, 1.7999999523162842]}, "Camera0075": {"frame": 75, "pose": [-0.16439885209498492, 0.3876902626902547, -0.9070111783462278, -0.9863939463671942, -0.0646150473371995, 0.1511683770759086, -6.240519212497016e-08, 0.9195222432724358, 0.3930379677934732, -3.0, 0.0, 1.7999999523162842]}, "Camera0076": {"frame": 76, "pose": [-0.16439885209498492, 0.3876902626902547, -0.9070111783462278, -0.9863939463671942, -0.0646150473371995, 0.1511683770759086, -6.240519212497016e-08, 0.9195222432724358, 0.3930379677934732, -3.0, 0.0, 1.7999999523162842]}, "Camera0077": {"frame": 77, "pose": [-0.16439885209498492, 0.3876902626902547, -0.9070111783462278, -0.9863939463671942, -0.0646150473371995, 0.1511683770759086, -6.240519212497016e-08, 0.9195222432724358, 0.3930379677934732, -3.0, 0.0, 1.7999999523162842]}, "Camera0078": {"frame": 78, "pose": [-0.16439885209498492, 0.3876902626902547, -0.9070111783462278, -0.9863939463671942, -0.0646150473371995, 0.1511683770759086, -6.240519212497016e-08, 0.9195222432724358, 0.3930379677934732, -3.0, 0.0, 1.7999999523162842]}, "Camera0079": {"frame": 79, "pose": [-0.16439885209498492, 0.3876902626902547, -0.9070111783462278, -0.9863939463671942, -0.0646150473371995, 0.1511683770759086, -6.240519212497016e-08, 0.9195222432724358, 0.3930379677934732, -3.0, 0.0, 1.7999999523162842]}, "Camera0080": {"frame": 80, "pose": [-0.16439885209498492, 0.3876902626902547, -0.9070111783462278, -0.9863939463671942, -0.0646150473371995, 0.1511683770759086, -6.240519212497016e-08, 0.9195222432724358, 0.3930379677934732, -3.0, 0.0, 1.7999999523162842]}, "Camera0081": {"frame": 81, "pose": [-0.16439885209498492, 0.3876902626902547, -0.9070111783462278, -0.9863939463671942, -0.0646150473371995, 0.1511683770759086, -6.240519212497016e-08, 0.9195222432724358, 0.3930379677934732, -3.0, 0.0, 1.7999999523162842]}, "Camera0082": {"frame": 82, "pose": [-0.16439885209498492, 0.3876902626902547, -0.9070111783462278, -0.9863939463671942, -0.0646150473371995, 0.1511683770759086, -6.240519212497016e-08, 0.9195222432724358, 0.3930379677934732, -3.0, 0.0, 1.7999999523162842]}, "Camera0083": {"frame": 83, "pose": [-0.16439885209498492, 0.3876902626902547, -0.9070111783462278, -0.9863939463671942, -0.0646150473371995, 0.1511683770759086, -6.240519212497016e-08, 0.9195222432724358, 0.3930379677934732, -3.0, 0.0, 1.7999999523162842]}, "Camera0084": {"frame": 84, "pose": [-0.16439885209498492, 0.3876902626902547, -0.9070111783462278, -0.9863939463671942, -0.0646150473371995, 0.1511683770759086, -6.240519212497016e-08, 0.9195222432724358, 0.3930379677934732, -3.0, 0.0, 1.7999999523162842]}, "Camera0085": {"frame": 85, "pose": [-0.16439885209498492, 0.3876902626902547, -0.9070111783462278, -0.9863939463671942, -0.0646150473371995, 0.1511683770759086, -6.240519212497016e-08, 0.9195222432724358, 0.3930379677934732, -3.0, 0.0, 1.7999999523162842]}, "Camera0086": {"frame": 86, "pose": [-0.16439885209498492, 0.3876902626902547, -0.9070111783462278, -0.9863939463671942, -0.0646150473371995, 0.1511683770759086, -6.240519212497016e-08, 0.9195222432724358, 0.3930379677934732, -3.0, 0.0, 1.7999999523162842]}, "Camera0087": {"frame": 87, "pose": [-0.16439885209498492, 0.3876902626902547, -0.9070111783462278, -0.9863939463671942, -0.0646150473371995, 0.1511683770759086, -6.240519212497016e-08, 0.9195222432724358, 0.3930379677934732, -3.0, 0.0, 1.7999999523162842]}, "Camera0088": {"frame": 88, "pose": [-0.16439885209498492, 0.3876902626902547, -0.9070111783462278, -0.9863939463671942, -0.0646150473371995, 0.1511683770759086, -6.240519212497016e-08, 0.9195222432724358, 0.3930379677934732, -3.0, 0.0, 1.7999999523162842]}, "Camera0089": {"frame": 89, "pose": [-0.16439885209498492, 0.3876902626902547, -0.9070111783462278, -0.9863939463671942, -0.0646150473371995, 0.1511683770759086, -6.240519212497016e-08, 0.9195222432724358, 0.3930379677934732, -3.0, 0.0, 1.7999999523162842]}, "Camera0090": {"frame": 90, "pose": [-0.16439885209498492, 0.3876902626902547, -0.9070111783462278, -0.9863939463671942, -0.0646150473371995, 0.1511683770759086, -6.240519212497016e-08, 0.9195222432724358, 0.3930379677934732, -3.0, 0.0, 1.7999999523162842]}, "Camera0091": {"frame": 91, "pose": [-0.16439885209498492, 0.3876902626902547, -0.9070111783462278, -0.9863939463671942, -0.0646150473371995, 0.1511683770759086, -6.240519212497016e-08, 0.9195222432724358, 0.3930379677934732, -3.0, 0.0, 1.7999999523162842]}, "Camera0092": {"frame": 92, "pose": [-0.16439885209498492, 0.3876902626902547, -0.9070111783462278, -0.9863939463671942, -0.0646150473371995, 0.1511683770759086, -6.240519212497016e-08, 0.9195222432724358, 0.3930379677934732, -3.0, 0.0, 1.7999999523162842]}, "Camera0093": {"frame": 93, "pose": [-0.16439885209498492, 0.3876902626902547, -0.9070111783462278, -0.9863939463671942, -0.0646150473371995, 0.1511683770759086, -6.240519212497016e-08, 0.9195222432724358, 0.3930379677934732, -3.0, 0.0, 1.7999999523162842]}, "Camera0094": {"frame": 94, "pose": [-0.16439885209498492, 0.3876902626902547, -0.9070111783462278, -0.9863939463671942, -0.0646150473371995, 0.1511683770759086, -6.240519212497016e-08, 0.9195222432724358, 0.3930379677934732, -3.0, 0.0, 1.7999999523162842]}, "Camera0095": {"frame": 95, "pose": [-0.16439885209498492, 0.3876902626902547, -0.9070111783462278, -0.9863939463671942, -0.0646150473371995, 0.1511683770759086, -6.240519212497016e-08, 0.9195222432724358, 0.3930379677934732, -3.0, 0.0, 1.7999999523162842]}, "Camera0096": {"frame": 96, "pose": [-0.16439885209498492, 0.3876902626902547, -0.9070111783462278, -0.9863939463671942, -0.0646150473371995, 0.1511683770759086, -6.240519212497016e-08, 0.9195222432724358, 0.3930379677934732, -3.0, 0.0, 1.7999999523162842]}, "Camera0097": {"frame": 97, "pose": [-0.16439885209498492, 0.3876902626902547, -0.9070111783462278, -0.9863939463671942, -0.0646150473371995, 0.1511683770759086, -6.240519212497016e-08, 0.9195222432724358, 0.3930379677934732, -3.0, 0.0, 1.7999999523162842]}, "Camera0098": {"frame": 98, "pose": [-0.16439885209498492, 0.3876902626902547, -0.9070111783462278, -0.9863939463671942, -0.0646150473371995, 0.1511683770759086, -6.240519212497016e-08, 0.9195222432724358, 0.3930379677934732, -3.0, 0.0, 1.7999999523162842]}, "Camera0099": {"frame": 99, "pose": [-0.16439885209498492, 0.3876902626902547, -0.9070111783462278, -0.9863939463671942, -0.0646150473371995, 0.1511683770759086, -6.240519212497016e-08, 0.9195222432724358, 0.3930379677934732, -3.0, 0.0, 1.7999999523162842]}, "Camera0100": {"frame": 100, "pose": [-0.16439885209498492, 0.3876902626902547, -0.9070111783462278, -0.9863939463671942, -0.0646150473371995, 0.1511683770759086, -6.240519212497016e-08, 0.9195222432724358, 0.3930379677934732, -3.0, 0.0, 1.7999999523162842]}, "Camera0101": {"frame": 101, "pose": [-0.16439885209498492, 0.3876902626902547, -0.9070111783462278, -0.9863939463671942, -0.0646150473371995, 0.1511683770759086, -6.240519212497016e-08, 0.9195222432724358, 0.3930379677934732, -3.0, 0.0, 1.7999999523162842]}, "Camera0102": {"frame": 102, "pose": [-0.16439885209498492, 0.3876902626902547, -0.9070111783462278, -0.9863939463671942, -0.0646150473371995, 0.1511683770759086, -6.240519212497016e-08, 0.9195222432724358, 0.3930379677934732, -3.0, 0.0, 1.7999999523162842]}, "Camera0103": {"frame": 103, "pose": [-0.16439885209498492, 0.3876902626902547, -0.9070111783462278, -0.9863939463671942, -0.0646150473371995, 0.1511683770759086, -6.240519212497016e-08, 0.9195222432724358, 0.3930379677934732, -3.0, 0.0, 1.7999999523162842]}, "Camera0104": {"frame": 104, "pose": [-0.16439885209498492, 0.3876902626902547, -0.9070111783462278, -0.9863939463671942, -0.0646150473371995, 0.1511683770759086, -6.240519212497016e-08, 0.9195222432724358, 0.3930379677934732, -3.0, 0.0, 1.7999999523162842]}, "Camera0105": {"frame": 105, "pose": [-0.16439885209498492, 0.3876902626902547, -0.9070111783462278, -0.9863939463671942, -0.0646150473371995, 0.1511683770759086, -6.240519212497016e-08, 0.9195222432724358, 0.3930379677934732, -3.0, 0.0, 1.7999999523162842]}, "Camera0106": {"frame": 106, "pose": [-0.16439885209498492, 0.3876902626902547, -0.9070111783462278, -0.9863939463671942, -0.0646150473371995, 0.1511683770759086, -6.240519212497016e-08, 0.9195222432724358, 0.3930379677934732, -3.0, 0.0, 1.7999999523162842]}, "Camera0107": {"frame": 107, "pose": [-0.16439885209498492, 0.3876902626902547, -0.9070111783462278, -0.9863939463671942, -0.0646150473371995, 0.1511683770759086, -6.240519212497016e-08, 0.9195222432724358, 0.3930379677934732, -3.0, 0.0, 1.7999999523162842]}, "Camera0108": {"frame": 108, "pose": [-0.16439885209498492, 0.3876902626902547, -0.9070111783462278, -0.9863939463671942, -0.0646150473371995, 0.1511683770759086, -6.240519212497016e-08, 0.9195222432724358, 0.3930379677934732, -3.0, 0.0, 1.7999999523162842]}, "Camera0109": {"frame": 109, "pose": [-0.16439885209498492, 0.3876902626902547, -0.9070111783462278, -0.9863939463671942, -0.0646150473371995, 0.1511683770759086, -6.240519212497016e-08, 0.9195222432724358, 0.3930379677934732, -3.0, 0.0, 1.7999999523162842]}, "Camera0110": {"frame": 110, "pose": [-0.16439885209498492, 0.3876902626902547, -0.9070111783462278, -0.9863939463671942, -0.0646150473371995, 0.1511683770759086, -6.240519212497016e-08, 0.9195222432724358, 0.3930379677934732, -3.0, 0.0, 1.7999999523162842]}, "Camera0111": {"frame": 111, "pose": [-0.16439885209498492, 0.3876902626902547, -0.9070111783462278, -0.9863939463671942, -0.0646150473371995, 0.1511683770759086, -6.240519212497016e-08, 0.9195222432724358, 0.3930379677934732, -3.0, 0.0, 1.7999999523162842]}, "Camera0112": {"frame": 112, "pose": [-0.16439885209498492, 0.3876902626902547, -0.9070111783462278, -0.9863939463671942, -0.0646150473371995, 0.1511683770759086, -6.240519212497016e-08, 0.9195222432724358, 0.3930379677934732, -3.0, 0.0, 1.7999999523162842]}, "Camera0113": {"frame": 113, "pose": [-0.16439885209498492, 0.3876902626902547, -0.9070111783462278, -0.9863939463671942, -0.0646150473371995, 0.1511683770759086, -6.240519212497016e-08, 0.9195222432724358, 0.3930379677934732, -3.0, 0.0, 1.7999999523162842]}, "Camera0114": {"frame": 114, "pose": [-0.16439885209498492, 0.3876902626902547, -0.9070111783462278, -0.9863939463671942, -0.0646150473371995, 0.1511683770759086, -6.240519212497016e-08, 0.9195222432724358, 0.3930379677934732, -3.0, 0.0, 1.7999999523162842]}, "Camera0115": {"frame": 115, "pose": [-0.16439885209498492, 0.3876902626902547, -0.9070111783462278, -0.9863939463671942, -0.0646150473371995, 0.1511683770759086, -6.240519212497016e-08, 0.9195222432724358, 0.3930379677934732, -3.0, 0.0, 1.7999999523162842]}, "Camera0116": {"frame": 116, "pose": [-0.16439885209498492, 0.3876902626902547, -0.9070111783462278, -0.9863939463671942, -0.0646150473371995, 0.1511683770759086, -6.240519212497016e-08, 0.9195222432724358, 0.3930379677934732, -3.0, 0.0, 1.7999999523162842]}, "Camera0117": {"frame": 117, "pose": [-0.16439885209498492, 0.3876902626902547, -0.9070111783462278, -0.9863939463671942, -0.0646150473371995, 0.1511683770759086, -6.240519212497016e-08, 0.9195222432724358, 0.3930379677934732, -3.0, 0.0, 1.7999999523162842]}, "Camera0118": {"frame": 118, "pose": [-0.16439885209498492, 0.3876902626902547, -0.9070111783462278, -0.9863939463671942, -0.0646150473371995, 0.1511683770759086, -6.240519212497016e-08, 0.9195222432724358, 0.3930379677934732, -3.0, 0.0, 1.7999999523162842]}, "Camera0119": {"frame": 119, "pose": [-0.16439885209498492, 0.3876902626902547, -0.9070111783462278, -0.9863939463671942, -0.0646150473371995, 0.1511683770759086, -6.240519212497016e-08, 0.9195222432724358, 0.3930379677934732, -3.0, 0.0, 1.7999999523162842]}}, "environment": {"name": "bunny_scene_exposure", "width": 0.024, "resolution_x": 640, "resolution_y": 480, "lens": 0.035, "max_depth": 20.0, "min_depth": 1.0}}