{"cameras": {"Camera0000": {"frame": 0, "pose": [1.5129693053950177e-07, 0.11043159663677216, -0.9938837289810181, -1.0, 7.549790126404332e-08, -1.4383934399120335e-07, 5.915172707204874e-08, 0.9938837289810181, 0.11043159663677216, 0.10000000149011612, 0.0, 1.100000023841858]}, "Camera0001": {"frame": 1, "pose": [-0.00011575149983400479, 0.11024756729602814, -0.993904173374176, -0.9849881529808044, 0.1715569943189621, 0.019144456833600998, 0.17262183129787445, 0.9789860248565674, 0.10857269167900085, 0.09848077595233917, 0.01736481860280037, 1.0984808206558228]}, "Camera0002": {"frame": 2, "pose": [-0.0002141054137609899, 0.10970494896173477, -0.9939641952514648, -0.9403538703918457, 0.33812230825424194, 0.037521496415138245, 0.34019774198532104, 0.9346861243247986, 0.10308907926082611, 0.09396926313638687, 0.03420201316475868, 1.0939692258834839]}, "Camera0003": {"frame": 3, "pose": [-0.00028115161694586277, 0.108830526471138, -0.9940602779388428, -0.8673065900802612, 0.4947911202907562, 0.05441543459892273, 0.49777424335479736, 0.8621703386306763, 0.09425032138824463, 0.08660253882408142, 0.05000000074505806, 1.0866025686264038]}, "Camera0004": {"frame": 4, "pose": [-0.0003094476123806089, 0.10766581445932388, -0.9941871166229248, -0.7678768038749695, 0.6368482708930969, 0.06920669227838516, 0.6405975222587585, 0.7634345889091492, 0.08247700333595276, 0.0766044408082962, 0.06427875906229019, 1.0766044855117798]}, "Camera0005": {"frame": 5, "pose": [-0.00029722435283474624, 0.10626393556594849, -0.9943379163742065, -0.6449138522148132, 0.7599076628684998, 0.08140337467193604, 0.7642552256584167, 0.6412864923477173, 0.06830522418022156, 0.06427875906229019, 0.0766044408082962, 1.0642787218093872]}, "Camera0006": {"frame": 6, "pose": [-0.00024967052740976214, 0.10468444973230362, -0.9945054650306702, -0.502050518989563, 0.8600732684135437, 0.09065977483987808, 0.8648382425308228, 0.49931463599205017, 0.05234214663505554, 0.05000000074505806, 0.08660253882408142, 1.0499999523162842]}, "Camera0007": {"frame": 7, "pose": [-0.00017620844300836325, 0.10299050807952881, -0.9946823120117188, -0.3436180353164673, 0.9341093897819519, 0.09677959233522415, 0.9391095042228699, 0.34180784225463867, 0.035224799066782, 0.03420201316475868, 0.09396926313638687, 1.034201979637146]}, "Camera0008": {"frame": 8, "pose": [-8.903108391677961e-05, 0.10124406963586807, -0.9948616027832031, -0.17450901865959167, 0.9795944690704346, 0.09970599412918091, 0.9846555590629578, 0.17362119257450104, 0.0175807885825634, 0.01736481860280037, 0.09848077595233917, 1.0173648595809937]}, "Camera0009": {"frame": 9, "pose": [-4.4237570051564035e-08, 0.09950362145900726, -0.9950371980667114, -5.2618158719042185e-09, 0.9950371980667114, 0.09950362145900726, 1.0, 9.63750057536572e-09, -4.349445958951037e-08, 6.123233849335533e-18, 0.10000000149011612, 1.0]}, "Camera0010": {"frame": 10, "pose": [8.024964336073026e-05, 0.0978216677904129, -0.995203971862793, 0.17445211112499237, 0.9799417853355408, 0.09633557498455048, 0.9846656322479248, -0.17362315952777863, -0.016986556351184845, -0.01736481860280037, 0.09848077595233917, 0.9826352000236511]}, "Camera0011": {"frame": 11, "pose": [0.00014362311048898846, 0.0962439775466919, -0.9953577518463135, 0.34341591596603394, 0.9348188042640686, 0.09043984115123749, 0.9391834139823914, -0.3418346643447876, -0.03291745111346245, -0.03420201316475868, 0.09396926313638687, 0.9657979607582092]}, "Camera0012": {"frame": 12, "pose": [0.00018502207240089774, 0.09480882436037064, -0.9954954981803894, 0.5016824007034302, 0.8611464500427246, 0.08210695534944534, 0.8650518655776978, -0.49943777918815613, -0.047404590994119644, -0.05000000074505806, 0.08660253882408142, 0.949999988079071]}, "Camera0013": {"frame": 13, "pose": [0.00020228793437127024, 0.09354803711175919, -0.995614767074585, 0.6444358229637146, 0.7612929940223694, 0.07166208326816559, 0.7646583914756775, -0.6416243314743042, -0.060131706297397614, -0.06427875906229019, 0.0766044408082962, 0.935721218585968]}, "Camera0014": {"frame": 14, "pose": [0.00019563526439014822, 0.09248638898134232, -0.9957139492034912, 0.767396867275238, 0.6384104490280151, 0.0594492070376873, 0.6411724090576172, -0.7641193270683289, -0.07084886729717255, -0.0766044408082962, 0.06427875906229019, 0.923395574092865]}, "Camera0015": {"frame": 15, "pose": [0.0001672586950007826, 0.09164243191480637, -0.9957919716835022, 0.8669340014457703, 0.49631232023239136, 0.04582108557224274, 0.4984229505062103, -0.8632935285568237, -0.07936492562294006, -0.08660253882408142, 0.05000000074505806, 0.9133974313735962]}, "Camera0016": {"frame": 16, "pose": [0.00012173453433206305, 0.09103083610534668, -0.9958480596542358, 0.940147876739502, 0.33934149146080017, 0.03113425523042679, 0.3407667577266693, -0.936248242855072, -0.08554113656282425, -0.09396926313638687, 0.03420201316475868, 0.9060307145118713]}, "Camera0017": {"frame": 17, "pose": [6.391033093677834e-05, 0.09065985679626465, -0.9958819150924683, 0.9849297404289246, 0.17223705351352692, 0.015742763876914978, 0.1729550063610077, -0.9808747172355652, -0.0892825797200203, -0.09848077595233917, 0.01736481860280037, 0.901519238948822]}, "Camera0018": {"frame": 18, "pose": [3.957443706070762e-09, 0.09053575992584229, -0.9958931803703308, 1.0, -4.371138828673793e-08, 0.0, -4.35318767699755e-08, -0.9958931803703308, -0.09053575992584229, -0.10000000149011612, 1.2246467698671066e-17, 0.8999999761581421]}, "Camera0019": {"frame": 19, "pose": [-6.41296646790579e-05, 0.09066000580787659, -0.9958819150924683, 0.9849298000335693, -0.17223666608333588, -0.015742972493171692, -0.17295464873313904, -0.98087477684021, -0.08928269892930984, -0.09848077595233917, -0.01736481860280037, 0.901519238948822]}, "Camera0020": {"frame": 20, "pose": [-0.00012199130287626758, 0.0910305380821228, -0.9958481192588806, 0.9401479959487915, -0.3393411338329315, -0.031134361401200294, -0.34076640009880066, -0.9362483620643616, -0.0855407789349556, -0.09396926313638687, -0.03420201316475868, 0.9060307145118713]}, "Camera0021": {"frame": 21, "pose": [-0.00016747514018788934, 0.09164267778396606, -0.9957919716835022, 0.8669341206550598, -0.49631205201148987, -0.04582137614488602, -0.4984227418899536, -0.8632936477661133, -0.07936504483222961, -0.08660253882408142, -0.05000000074505806, 0.9133974313735962]}, "Camera0022": {"frame": 22, "pose": [-0.0001958570210263133, 0.0924864113330841, -0.9957139492034912, 0.767396867275238, -0.6384103298187256, -0.05944938585162163, -0.6411723494529724, -0.7641193866729736, -0.070848748087883, -0.0766044408082962, -0.06427875906229019, 0.923395574092865]}, "Camera0023": {"frame": 23, "pose": [-0.0002025906869675964, 0.09354803711175919, -0.995614767074585, 0.644435703754425, -0.7612930536270142, -0.0716622844338417, -0.7646584510803223, -0.6416242122650146, -0.06013146787881851, -0.06427875906229019, -0.0766044408082962, 0.935721218585968]}, "Camera0024": {"frame": 24, "pose": [-0.000185129523742944, 0.09480902552604675, -0.9954954385757446, 0.5016823410987854, -0.8611464500427246, -0.08210718631744385, -0.8650519251823425, -0.49943768978118896, -0.047404590994119644, -0.05000000074505806, -0.08660253882408142, 0.949999988079071]}, "Camera0025": {"frame": 25, "pose": [-0.00014370713324751705, 0.09624385833740234, -0.9953577518463135, 0.34341591596603394, -0.9348188042640686, -0.09043975919485092, -0.9391834139823914, -0.34183469414711, -0.0329173319041729, -0.03420201316475868, -0.09396926313638687, 0.9657979607582092]}, "Camera0026": {"frame": 26, "pose": [-8.014710329007357e-05, 0.09782182425260544, -0.9952039122581482, 0.1744520217180252, -0.9799417853355408, -0.09633570164442062, -0.9846656918525696, -0.17362307012081146, -0.016986675560474396, -0.01736481860280037, -0.09848077595233917, 0.9826352000236511]}, "Camera0027": {"frame": 27, "pose": [1.0075466860826054e-07, 0.09950395673513412, -0.9950371384620667, -2.525670765862742e-07, -0.9950371384620667, -0.09950395673513412, -1.0, 2.6133912456316466e-07, -7.51232178686223e-08, -1.8369702788777518e-17, -0.10000000149011612, 1.0]}, "Camera0028": {"frame": 28, "pose": [8.909010648494586e-05, 0.10124428570270538, -0.9948616027832031, -0.1745092123746872, -0.9795944094657898, -0.09970621019601822, -0.9846555590629578, 0.17362140119075775, 0.0175807885825634, 0.01736481860280037, -0.09848077595233917, 1.0173648595809937]}, "Camera0029": {"frame": 29, "pose": [0.00017642846796661615, 0.10299044102430344, -0.9946823120117188, -0.3436179459095001, -0.9341094493865967, -0.09677960723638535, -0.9391095042228699, 0.3418077826499939, 0.035224560648202896, 0.03420201316475868, -0.09396926313638687, 1.034201979637146]}, "Camera0030": {"frame": 30, "pose": [0.0002493879001121968, 0.10468447953462601, -0.9945054650306702, -0.5020503401756287, -0.860073447227478, -0.09065967798233032, -0.8648383617401123, 0.49931439757347107, 0.052342385053634644, 0.05000000074505806, -0.08660253882408142, 1.0499999523162842]}, "Camera0031": {"frame": 31, "pose": [0.00029687792994081974, 0.10626373440027237, -0.9943379163742065, -0.6449137330055237, -0.7599077820777893, -0.08140300214290619, -0.7642552852630615, 0.6412863731384277, 0.06830534338951111, 0.06427875906229019, -0.0766044408082962, 1.0642787218093872]}, "Camera0032": {"frame": 32, "pose": [0.00030915718525648117, 0.10766591131687164, -0.99418705701828, -0.7678765654563904, -0.636848509311676, -0.06920655816793442, -0.6405977606773376, 0.7634343504905701, 0.08247724175453186, 0.0766044408082962, -0.06427875906229019, 1.0766044855117798]}, "Camera0033": {"frame": 33, "pose": [0.0002813802275341004, 0.10883065313100815, -0.9940602779388428, -0.8673065900802612, -0.49479109048843384, -0.05441569536924362, -0.49777424335479736, 0.8621703386306763, 0.09425032138824463, 0.08660253882408142, -0.05000000074505806, 1.0866025686264038]}, "Camera0034": {"frame": 34, "pose": [0.00021419423865154386, 0.10970498621463776, -0.9939641952514648, -0.9403538107872009, -0.33812248706817627, -0.037521615624427795, -0.34019795060157776, 0.9346860647201538, 0.10308907926082611, 0.09396926313638687, -0.03420201316475868, 1.0939692258834839]}, "Camera0035": {"frame": 35, "pose": [0.00011563373846001923, 0.1102476716041565, -0.9939041137695312, -0.9849881529808044, -0.17155708372592926, -0.019144367426633835, -0.17262190580368042, 0.9789860248565674, 0.1085728108882904, 0.09848077595233917, -0.01736481860280037, 1.0984808206558228]}, "Camera0036": {"frame": 36, "pose": [0.9950371980667114, -0.009852111339569092, 0.0990147739648819, 0.09950371831655502, 0.09852346032857895, -0.9901475310325623, -2.352592218812788e-07, 0.9950859546661377, 0.09901483356952667, 0.10000000149011612, -2.4492935397342132e-17, 1.100000023841858]}, "Camera0037": {"frame": 37, "pose": [0.9781805872917175, -0.1825273633003235, 0.09922940284013748, 0.11535163968801498, 0.07991813123226166, -0.990104615688324, 0.17279095947742462, 0.9799473881721497, 0.09922919422388077, 0.09848077595233917, 0.01736481860280037, 1.0984808206558228]}, "Camera0038": {"frame": 38, "pose": [0.9320836663246155, -0.34918367862701416, 0.0963888019323349, 0.12381143867969513, 0.05702884495258331, -0.9906656742095947, 0.34042733907699585, 0.9353172779083252, 0.09638859331607819, 0.09396926313638687, 0.03420201316475868, 1.0939692258834839]}, "Camera0039": {"frame": 39, "pose": [0.8583453297615051, -0.5050434470176697, 0.09041231870651245, 0.12364070862531662, 0.03258375823497772, -0.9917919635772705, 0.49795204401016235, 0.8624786138534546, 0.09041205048561096, 0.08660253882408142, 0.05000000074505806, 1.0866025686264038]}, "Camera0040": {"frame": 40, "pose": [0.7592248916625977, -0.6457275152206421, 0.0813235491514206, 0.11460403352975845, 0.009642326273024082, -0.9933644533157349, 0.6406586170196533, 0.763507068157196, 0.08132367581129074, 0.0766044408082962, 0.06427875906229019, 1.0766044855117798]}, "Camera0041": {"frame": 41, "pose": [0.6375507116317749, -0.7672873139381409, 0.06927640736103058, 0.097577765583992, -0.008774238638579845, -0.9951892495155334, 0.7642039060592651, 0.6412434577941895, 0.06927616149187088, 0.06427875906229019, 0.0766044408082962, 1.0642787218093872]}, "Camera0042": {"frame": 42, "pose": [0.49666935205459595, -0.8662222027778625, 0.054577432572841644, 0.07452431321144104, -0.020088009536266327, -0.9970168471336365, 0.8647344708442688, 0.4992550313472748, 0.05457751452922821, 0.05000000074505806, 0.08660253882408142, 1.0499999523162842]}, "Camera0043": {"frame": 43, "pose": [0.3404407799243927, -0.9395100474357605, 0.03769560903310776, 0.04829888418316841, -0.0225639920681715, -0.9985780119895935, 0.9390246272087097, 0.34177732467651367, 0.03769558668136597, 0.03420201316475868, 0.09396926313638687, 1.034201979637146]}, "Camera0044": {"frame": 44, "pose": [0.17325091361999512, -0.984689474105835, 0.019254598766565323, 0.022302648052573204, -0.01562269777059555, -0.9996291995048523, 0.9846251606941223, 0.17361609637737274, 0.019254537299275398, 0.01736481860280037, 0.09848077595233917, 1.0173648595809937]}, "Camera0045": {"frame": 45, "pose": [4.331257628109597e-07, -1.0, 0.0, 7.549790126404332e-08, 3.2700086399512635e-14, -1.0, 1.0, 4.331257628109597e-07, 7.549790126404332e-08, 3.0616171314629196e-17, 0.10000000149011612, 1.0]}, "Camera0046": {"frame": 46, "pose": [-0.1739812046289444, -0.9845607280731201, -0.019254634156823158, -0.015614478848874569, 0.022308548912405968, -0.9996291995048523, 0.9846251606941223, -0.17361603677272797, -0.019254671409726143, -0.01736481860280037, 0.09848077595233917, 0.9826352000236511]}, "Camera0047": {"frame": 47, "pose": [-0.3431132733821869, -0.9385373592376709, -0.03769551217556, -0.022495171055197716, 0.048330847173929214, -0.9985780119895935, 0.9390246272087097, -0.34177741408348083, -0.03769551217556, -0.03420201316475868, 0.09396926313638687, 0.9657979607582092]}, "Camera0048": {"frame": 48, "pose": [-0.5018365383148193, -0.8632388710975647, -0.054577384144067764, -0.019865430891513824, 0.07458395510911942, -0.9970168471336365, 0.8647342920303345, -0.49925529956817627, -0.05457756668329239, -0.05000000074505806, 0.08660253882408142, 0.949999988079071]}, "Camera0049": {"frame": 49, "pose": [-0.6449214220046997, -0.761102557182312, -0.0692763701081276, -0.008303395472466946, 0.09761907905340195, -0.9951891899108887, 0.7642037868499756, -0.6412436366081238, -0.0692763701081276, -0.06427875906229019, 0.0766044408082962, 0.935721218585968]}, "Camera0050": {"frame": 50, "pose": [-0.7677555084228516, -0.6355611085891724, -0.08132356405258179, 0.010405081324279308, 0.11453718692064285, -0.9933644533157349, 0.640658438205719, -0.7635072469711304, -0.08132348954677582, -0.0766044408082962, 0.06427875906229019, 0.923395574092865]}, "Camera0051": {"frame": 51, "pose": [-0.8665534257888794, -0.4908266067504883, -0.09041237086057663, 0.03360188379883766, 0.1233682706952095, -0.9917919039726257, 0.497951865196228, -0.8624786734580994, -0.09041249752044678, -0.08660253882408142, 0.05000000074505806, 0.9133974313735962]}, "Camera0052": {"frame": 52, "pose": [-0.9384688138961792, -0.33164066076278687, -0.0963887870311737, 0.058187734335660934, 0.12327104061841965, -0.9906656742095947, 0.3404269516468048, -0.9353174567222595, -0.09638860821723938, -0.09396926313638687, 0.03420201316475868, 0.9060307145118713]}, "Camera0053": {"frame": 53, "pose": [-0.9816173315048218, -0.1630367487668991, -0.09922933578491211, 0.08106148988008499, 0.11455119401216507, -0.9901045560836792, 0.1727902740240097, -0.9799474477767944, -0.09922943264245987, -0.09848077595233917, 0.01736481860280037, 0.901519238948822]}, "Camera0054": {"frame": 54, "pose": [-0.9950371980667114, 0.009852850809693336, -0.09901470690965652, 0.09950372576713562, 0.09852346032857895, -0.9901475310325623, -5.041298436481156e-07, -0.9950859546661377, -0.09901490062475204, -0.10000000149011612, 3.6739405577555036e-17, 0.8999999761581421]}, "Camera0055": {"frame": 55, "pose": [-0.9786214232444763, 0.1819402575492859, -0.0959053635597229, 0.11146204173564911, 0.07727809250354767, -0.9907594323158264, -0.17284764349460602, -0.9802682399749756, -0.09590543061494827, -0.09848077595233917, -0.01736481860280037, 0.901519238948822]}, "Camera0056": {"frame": 56, "pose": [-0.9330483078956604, 0.34828025102615356, -0.09012065082788467, 0.11572840064764023, 0.053389377892017365, -0.9918450117111206, -0.34062856435775757, -0.9358687996864319, -0.09012078493833542, -0.09396926313638687, -0.03420201316475868, 0.9060307145118713]}, "Camera0057": {"frame": 57, "pose": [-0.859727680683136, 0.5041397213935852, -0.0819232165813446, 0.11200982332229614, 0.029607681557536125, -0.9932659268379211, -0.49831923842430115, -0.8631144165992737, -0.08192314207553864, -0.08660253882408142, -0.05000000074505806, 0.9133974313735962]}, "Camera0058": {"frame": 58, "pose": [-0.7607619166374207, 0.6450687050819397, -0.07160776108503342, 0.10090579092502594, 0.008565984666347504, -0.9948590993881226, -0.6411390900611877, -0.7640765309333801, -0.07160784304141998, -0.0766044408082962, -0.06427875906229019, 0.923395574092865]}, "Camera0059": {"frame": 59, "pose": [-0.6389294266700745, 0.766961395740509, -0.059493374079465866, 0.08380292356014252, -0.00748182600364089, -0.9964542388916016, -0.7646870613098145, -0.6416496634483337, -0.05949325114488602, -0.06427875906229019, -0.0766044408082962, 0.935721218585968]}, "Camera0060": {"frame": 60, "pose": [-0.4976440370082855, 0.8661651015281677, -0.045917827636003494, 0.0627070739865303, -0.016873350366950035, -0.9978893399238586, -0.8651117086410522, -0.49947303533554077, -0.04591776058077812, -0.05000000074505806, -0.08660253882408142, 0.949999988079071]}, "Camera0061": {"frame": 61, "pose": [-0.3409351110458374, 0.9395678043365479, -0.03123352862894535, 0.040023207664489746, -0.01868702471256256, -0.999023973941803, -0.9392344951629639, -0.34185242652893066, -0.03123345598578453, -0.03420201316475868, -0.09396926313638687, 0.9657979607582092]}, "Camera0062": {"frame": 62, "pose": [-0.1733776479959488, 0.9847285747528076, -0.0158041100949049, 0.01830674707889557, -0.012821990065276623, -0.9997501969337463, -0.9846852421760559, -0.17362366616725922, -0.01580413058400154, -0.01736481860280037, -0.09848077595233917, 0.9826352000236511]}, "Camera0063": {"frame": 63, "pose": [-2.821299744937278e-07, 1.0, 0.0, -7.549790126404332e-08, -2.130022063405717e-14, -1.0, -1.0, -2.821299744937278e-07, 7.549790126404332e-08, -4.2862636531758425e-17, -0.10000000149011612, 1.0]}, "Camera0064": {"frame": 64, "pose": [0.17387054860591888, 0.9846416711807251, 0.01580406352877617, -0.01281735673546791, 0.018309885635972023, -0.9997501969337463, -0.9846851229667664, 0.17362454533576965, 0.015804054215550423, 0.01736481860280037, -0.09848077595233917, 1.0173648595809937]}, "Camera0065": {"frame": 65, "pose": [0.34277045726776123, 0.93889981508255, 0.03123370371758938, -0.018648089841008186, 0.04004179313778877, -0.999023973941803, -0.9392340779304504, 0.34185343980789185, 0.031233832240104675, 0.03420201316475868, -0.09396926313638687, 1.034201979637146]}, "Camera0066": {"frame": 66, "pose": [0.5012965202331543, 0.8640563488006592, 0.045917876064777374, -0.016740793362259865, 0.06274250894784927, -0.9978893399238586, -0.8651136159896851, 0.49946972727775574, 0.04591758921742439, 0.05000000074505806, -0.08660253882408142, 1.0499999523162842]}, "Camera0067": {"frame": 67, "pose": [0.644360363483429, 0.7624042630195618, 0.059493307024240494, -0.007184085436165333, 0.0838288888335228, -0.9964542388916016, -0.76468825340271, 0.6416482329368591, 0.05949319154024124, 0.06427875906229019, -0.0766044408082962, 1.0642787218093872]}, "Camera0068": {"frame": 68, "pose": [0.7673718929290771, 0.6371912956237793, 0.07160778343677521, 0.009085887111723423, 0.10086045414209366, -0.9948590993881226, -0.6411378979682922, 0.7640775442123413, 0.0716080293059349, 0.0766044408082962, -0.06427875906229019, 1.0766044855117798]}, "Camera0069": {"frame": 69, "pose": [0.8664618134498596, 0.4924758970737457, 0.08192316442728043, 0.030363846570253372, 0.11180724203586578, -0.9932659268379211, -0.4983191192150116, 0.8631144762039185, 0.08192324638366699, 0.08660253882408142, -0.05000000074505806, 1.0866025686264038]}, "Camera0070": {"frame": 70, "pose": [0.9386267066001892, 0.33295363187789917, 0.09012068808078766, 0.05433522164821625, 0.11528711766004562, -0.9918450117111206, -0.34062814712524414, 0.9358689785003662, 0.09012045711278915, 0.09396926313638687, -0.03420201316475868, 1.0939692258834839]}, "Camera0071": {"frame": 71, "pose": [0.9818305969238281, 0.16374005377292633, 0.09590545296669006, 0.07830952107906342, 0.11073986440896988, -0.9907594323158264, -0.17284755408763885, 0.9802682399749756, 0.09590538591146469, 0.09848077595233917, -0.01736481860280037, 1.0984808206558228]}, "Camera0072": {"frame": 72, "pose": [-1.4783400281714876e-08, -0.09053567051887512, 0.9958932399749756, 1.0, -2.821299744937278e-07, -1.0803795191804966e-08, 2.8194943979542586e-07, 0.9958932399749756, 0.09053567051887512, 0.10000000149011612, -4.8985870794684264e-17, 1.100000023841858]}, "Camera0073": {"frame": 73, "pose": [-0.031067922711372375, -0.08517036586999893, 0.9958819150924683, 0.9844395518302917, -0.17501679062843323, 0.015743080526590347, 0.1729552000761032, 0.9808746576309204, 0.08928249031305313, 0.09848077595233917, 0.01736481860280037, 1.0984808206558228]}, "Camera0074": {"frame": 74, "pose": [-0.058606646955013275, -0.06965509057044983, 0.9958481192588806, 0.9383193850517273, -0.3443651497364044, 0.031134232878684998, 0.3407667279243469, 0.936248242855072, 0.08554080873727798, 0.09396926313638687, 0.03420201316475868, 1.0939692258834839]}, "Camera0075": {"frame": 75, "pose": [-0.07944826781749725, -0.04567631334066391, 0.9957919716835022, 0.8632863163948059, -0.5026302337646484, 0.04582113027572632, 0.49842217564582825, 0.8632940053939819, 0.0793648362159729, 0.08660253882408142, 0.05000000074505806, 1.0866025686264038]}, "Camera0076": {"frame": 76, "pose": [-0.09111513197422028, -0.015867238864302635, 0.9957139492034912, 0.761968195438385, -0.6448799967765808, 0.05944916978478432, 0.6411727070808411, 0.7641190886497498, 0.07084865868091583, 0.0766044408082962, 0.06427875906229019, 1.0766044855117798]}, "Camera0077": {"frame": 77, "pose": [-0.09209185093641281, 0.01644371636211872, 0.9956147074699402, 0.6378226280212402, -0.7668421268463135, 0.07166225463151932, 0.764657735824585, 0.6416251063346863, 0.06013173609972, 0.06427875906229019, 0.0766044408082962, 1.0642787218093872]}, "Camera0078": {"frame": 78, "pose": [-0.08201439678668976, 0.04756473749876022, 0.9954954981803894, 0.49493321776390076, -0.8650431036949158, 0.0821070522069931, 0.8650518655776978, 0.49943774938583374, 0.04740462079644203, 0.05000000074505806, 0.08660253882408142, 1.0499999523162842]}, "Camera0079": {"frame": 79, "pose": [-0.06175456941127777, 0.07381923496723175, 0.9953577518463135, 0.3378189206123352, -0.9368559122085571, 0.09043969213962555, 0.9391830563545227, 0.34183573722839355, 0.03291760012507439, 0.03420201316475868, 0.09396926313638687, 1.034201979637146]}, "Camera0080": {"frame": 80, "pose": [-0.03338151425123215, 0.09194976091384888, 0.995203971862793, 0.1712287813425064, -0.9805101752281189, 0.09633558243513107, 0.9846656322479248, 0.17362338304519653, 0.01698647066950798, 0.01736481860280037, 0.09848077595233917, 1.0173648595809937]}, "Camera0081": {"frame": 81, "pose": [8.526144057441343e-08, 0.09950371831655502, 0.9950371980667114, 1.0944575024041114e-06, -0.9950371980667114, 0.09950371831655502, 1.0, 1.080542119780148e-06, -1.9374088822132762e-07, 5.5109105057610103e-17, 0.10000000149011612, 1.0]}, "Camera0082": {"frame": 82, "pose": [0.03454401716589928, 0.09516877681016922, 0.9948616027832031, -0.17105576395988464, -0.98020339012146, 0.09970603138208389, 0.9846556186676025, -0.1736210584640503, -0.017580995336174965, -0.01736481860280037, 0.09848077595233917, 0.9826352000236511]}, "Camera0083": {"frame": 83, "pose": [0.06606590002775192, 0.07900869101285934, 0.9946823120117188, -0.3372059166431427, -0.9364432096481323, 0.09677960723638535, 0.9391099214553833, -0.3418066203594208, -0.03522476553916931, -0.03420201316475868, 0.09396926313638687, 0.9657979607582092]}, "Camera0084": {"frame": 84, "pose": [0.09053493291139603, 0.052558280527591705, 0.9945054054260254, -0.4938197433948517, -0.8648253679275513, 0.09065980464220047, 0.8648384213447571, -0.4993142783641815, -0.05234258994460106, -0.05000000074505806, 0.08660253882408142, 0.949999988079071]}, "Camera0085": {"frame": 85, "pose": [0.1045977920293808, 0.018745064735412598, 0.9943379163742065, -0.6363740563392639, -0.767073392868042, 0.08140306919813156, 0.7642560601234436, -0.6412854790687561, -0.06830530613660812, -0.06427875906229019, 0.0766044408082962, 0.935721218585968]}, "Camera0086": {"frame": 86, "pose": [0.10608404129743576, -0.018391171470284462, 0.99418705701828, -0.7605133652687073, -0.6456236243247986, 0.0692068487405777, 0.6405978798866272, -0.7634342908859253, -0.08247709274291992, -0.0766044408082962, 0.06427875906229019, 0.923395574092865]}, "Camera0087": {"frame": 87, "pose": [0.09439092129468918, -0.05417172983288765, 0.9940602779388428, -0.8621543049812317, -0.5037151575088501, 0.05441563203930855, 0.4977754056453705, -0.862169623374939, -0.09425052255392075, -0.08660253882408142, 0.05000000074505806, 0.9133974313735962]}, "Camera0088": {"frame": 88, "pose": [0.07068093866109848, -0.08390159159898758, 0.9939641356468201, -0.9376935958862305, -0.34543144702911377, 0.03752128779888153, 0.3401983678340912, -0.9346858263015747, -0.10308940708637238, -0.09396926313638687, 0.03420201316475868, 0.9060307145118713]}, "Camera0089": {"frame": 89, "pose": [0.037815775722265244, -0.10355915129184723, 0.993904173374176, -0.9842617511749268, -0.1756766438484192, 0.019144397228956223, 0.1726231724023819, -0.9789857864379883, -0.10857266187667847, -0.09848077595233917, 0.01736481860280037, 0.901519238948822]}, "Camera0090": {"frame": 90, "pose": [4.9264777146618144e-08, -0.11043156683444977, 0.9938837289810181, -1.0, -2.821299744937278e-07, 1.8220161379645106e-08, 2.783922923299542e-07, -0.9938837289810181, -0.11043156683444977, -0.10000000149011612, 6.123234262925839e-17, 0.8999999761581421]}, "Camera0091": {"frame": 91, "pose": [-0.037815436720848083, -0.10355926305055618, 0.993904173374176, -0.9842621684074402, 0.1756742149591446, -0.019144313409924507, -0.1726207584142685, -0.9789862632751465, -0.10857266187667847, -0.09848077595233917, -0.01736481860280037, 0.901519238948822]}, "Camera0092": {"frame": 92, "pose": [-0.07068111002445221, -0.08390156924724579, 0.9939641356468201, -0.9376938939094543, 0.3454305827617645, -0.03752154856920242, -0.34019750356674194, -0.9346861839294434, -0.10308940708637238, -0.09396926313638687, -0.03420201316475868, 0.9060307145118713]}, "Camera0093": {"frame": 93, "pose": [-0.09439075738191605, -0.05417199060320854, 0.9940602779388428, -0.8621556162834167, 0.5037128925323486, -0.05441560223698616, -0.4977731704711914, -0.862170934677124, -0.09425052255392075, -0.08660253882408142, -0.05000000074505806, 0.9133974313735962]}, "Camera0094": {"frame": 94, "pose": [-0.10608401894569397, -0.01839153841137886, 0.99418705701828, -0.7605136036872864, 0.6456233263015747, -0.06920662522315979, -0.6405975818634033, -0.7634345293045044, -0.08247733116149902, -0.0766044408082962, -0.06427875906229019, 0.923395574092865]}, "Camera0095": {"frame": 95, "pose": [-0.10459792613983154, 0.01874491013586521, 0.9943379163742065, -0.6363759636878967, 0.7670717835426331, -0.0814032033085823, -0.7642545104026794, -0.6412873268127441, -0.06830530613660812, -0.06427875906229019, -0.0766044408082962, 0.935721218585968]}, "Camera0096": {"frame": 96, "pose": [-0.09053485095500946, 0.052558016031980515, 0.9945054650306702, -0.49382027983665466, 0.8648250699043274, -0.09065956622362137, -0.8648381233215332, -0.4993148148059845, -0.05234258994460106, -0.05000000074505806, -0.08660253882408142, 0.949999988079071]}, "Camera0097": {"frame": 97, "pose": [-0.0660661831498146, 0.07900839298963547, 0.9946823120117188, -0.3372083008289337, 0.9364423751831055, -0.09677951037883759, -0.9391090273857117, -0.3418090045452118, -0.03522488474845886, -0.03420201316475868, -0.09396926313638687, 0.9657979607582092]}, "Camera0098": {"frame": 98, "pose": [-0.0345441959798336, 0.09516885876655579, 0.9948616027832031, -0.17105618119239807, 0.9802032709121704, -0.09970615804195404, -0.984655499458313, -0.17362149059772491, -0.017581112682819366, -0.01736481860280037, -0.09848077595233917, 0.9826352000236511]}, "Camera0099": {"frame": 99, "pose": [-3.1519994081463665e-07, 0.09950387477874756, 0.9950371980667114, -1.5227902849801467e-06, 0.9950371980667114, -0.09950387477874756, -1.0, -1.5465966498595662e-06, -1.621121299422157e-07, -2.4499125686174234e-16, -0.10000000149011612, 1.0]}, "Camera0100": {"frame": 100, "pose": [0.03338121622800827, 0.09194966405630112, 0.995203971862793, 0.17122837901115417, 0.9805102348327637, -0.09633542597293854, -0.9846656918525696, 0.1736229509115219, 0.01698623225092888, 0.01736481860280037, -0.09848077595233917, 1.0173648595809937]}, "Camera0101": {"frame": 101, "pose": [0.06175388768315315, 0.07381973415613174, 0.9953577518463135, 0.33781665563583374, 0.936856746673584, -0.09043984860181808, -0.9391838908195496, 0.3418334722518921, 0.03291700780391693, 0.03420201316475868, -0.09396926313638687, 1.034201979637146]}, "Camera0102": {"frame": 102, "pose": [0.08201431483030319, 0.04756486043334007, 0.9954954981803894, 0.49493303894996643, 0.8650431632995605, -0.08210710436105728, -0.8650519847869873, 0.499437540769577, 0.04740450158715248, 0.05000000074505806, -0.08660253882408142, 1.0499999523162842]}, "Camera0103": {"frame": 103, "pose": [0.0920913890004158, 0.016443975269794464, 0.995614767074585, 0.637820839881897, 0.7668436169624329, -0.07166202366352081, -0.7646592259407043, 0.641623318195343, 0.06013138219714165, 0.06427875906229019, -0.0766044408082962, 1.0642787218093872]}, "Camera0104": {"frame": 104, "pose": [0.09111517667770386, -0.015867356210947037, 0.9957139492034912, 0.761968195438385, 0.6448800563812256, -0.059449125081300735, -0.6411727666854858, 0.7641190886497498, 0.07084877789020538, 0.0766044408082962, -0.06427875906229019, 1.0766044855117798]}, "Camera0105": {"frame": 105, "pose": [0.07944851368665695, -0.045676060020923615, 0.9957919716835022, 0.8632853031158447, 0.5026319622993469, -0.045821305364370346, -0.4984239339828491, 0.8632929921150208, 0.0793648362159729, 0.08660253882408142, -0.05000000074505806, 1.0866025686264038]}, "Camera0106": {"frame": 106, "pose": [0.05860661342740059, -0.06965484470129013, 0.9958481192588806, 0.9383193254470825, 0.34436529874801636, -0.03113427199423313, -0.34076687693595886, 0.936248242855072, 0.08554057031869888, 0.09396926313638687, -0.03420201316475868, 1.0939692258834839]}, "Camera0107": {"frame": 107, "pose": [0.031067851930856705, -0.08517036586999893, 0.9958819150924683, 0.9844394326210022, 0.17501775920391083, -0.015742922201752663, -0.172956183552742, 0.9808744788169861, 0.08928249031305313, 0.09848077595233917, -0.01736481860280037, 1.0984808206558228]}, "Camera0108": {"frame": 108, "pose": [-0.9950371980667114, -0.009852379560470581, 0.09901474416255951, 0.09950371831655502, -0.09852346777915955, 0.9901475310325623, -3.360354128290055e-08, 0.9950859546661377, 0.09901486337184906, 0.10000000149011612, -7.347881115511007e-17, 1.100000023841858]}, "Camera0109": {"frame": 109, "pose": [-0.9818307161331177, 0.16373945772647858, 0.09590531885623932, 0.07830949872732162, -0.11073955148458481, 0.9907594919204712, 0.1728469282388687, 0.9802684187889099, 0.09590514004230499, 0.09848077595233917, 0.01736481860280037, 1.0984808206558228]}, "Camera0110": {"frame": 110, "pose": [-0.9386269450187683, 0.3329530358314514, 0.09012055397033691, 0.05433519557118416, -0.11528696119785309, 0.9918450713157654, 0.3406275510787964, 0.9358692169189453, 0.09012038260698318, 0.09396926313638687, 0.03420201316475868, 1.0939692258834839]}, "Camera0111": {"frame": 111, "pose": [-0.8664615750312805, 0.49247628450393677, 0.08192311227321625, 0.0303636584430933, -0.11180738359689713, 0.9932659268379211, 0.498319536447525, 0.8631142377853394, 0.08192342519760132, 0.08660253882408142, 0.05000000074505806, 1.0866025686264038]}, "Camera0112": {"frame": 112, "pose": [-0.7673726081848145, 0.6371904015541077, 0.07160768657922745, 0.00908621121197939, -0.10086003690958023, 0.9948591589927673, 0.6411370635032654, 0.7640782594680786, 0.07160758227109909, 0.0766044408082962, 0.06427875906229019, 1.0766044855117798]}, "Camera0113": {"frame": 113, "pose": [-0.6443610787391663, 0.762403666973114, 0.05949319899082184, -0.007184260990470648, -0.08382896333932877, 0.9964542388916016, 0.7646876573562622, 0.6416488885879517, 0.059493426233530045, 0.06427875906229019, 0.0766044408082962, 1.0642787218093872]}, "Camera0114": {"frame": 114, "pose": [-0.5013002157211304, 0.8640541434288025, 0.045917969197034836, -0.016740502789616585, -0.0627426728606224, 0.9978893399238586, 0.8651114702224731, 0.4994734823703766, 0.04591761901974678, 0.05000000074505806, 0.08660253882408142, 1.0499999523162842]}, "Camera0115": {"frame": 115, "pose": [-0.34276992082595825, 0.9388999938964844, 0.031233597546815872, -0.018647732213139534, -0.04004153236746788, 0.999023973941803, 0.9392343163490295, 0.34185293316841125, 0.03123338893055916, 0.03420201316475868, 0.09396926313638687, 1.034201979637146]}, "Camera0116": {"frame": 116, "pose": [-0.1738736927509308, 0.9846411347389221, 0.015804007649421692, -0.012817485257983208, -0.018309902399778366, 0.9997501969337463, 0.9846845269203186, 0.17362768948078156, 0.01580423302948475, 0.01736481860280037, 0.09848077595233917, 1.0173648595809937]}, "Camera0117": {"frame": 117, "pose": [-4.371138828673793e-08, 1.0, 0.0, -7.549790126404332e-08, -3.3001180777756647e-15, 1.0, 1.0, 4.371138828673793e-08, 7.549790126404332e-08, -9.80336411689671e-17, 0.10000000149011612, 1.0]}, "Camera0118": {"frame": 118, "pose": [0.1733795702457428, 0.9847282767295837, -0.015803983435034752, 0.018306542187929153, 0.012821867130696774, 0.9997501969337463, 0.984684944152832, -0.17362557351589203, -0.015803920105099678, -0.01736481860280037, 0.09848077595233917, 0.9826352000236511]}, "Camera0119": {"frame": 119, "pose": [0.3409360349178314, 0.939567506313324, -0.031233549118041992, 0.04002353176474571, 0.018686894327402115, 0.999023973941803, 0.9392341375350952, -0.3418533504009247, -0.03123377449810505, -0.03420201316475868, 0.09396926313638687, 0.9657979607582092]}, "Camera0120": {"frame": 120, "pose": [0.49764284491539, 0.8661657571792603, -0.04591791704297066, 0.0627073124051094, 0.01687338761985302, 0.9978893399238586, 0.8651123642921448, -0.49947187304496765, -0.04591800644993782, -0.05000000074505806, 0.08660253882408142, 0.949999988079071]}, "Camera0121": {"frame": 121, "pose": [0.6389288902282715, 0.7669618129730225, -0.05949322134256363, 0.08380307257175446, 0.007481564301997423, 0.9964542388916016, 0.7646874785423279, -0.6416491270065308, -0.059493567794561386, -0.06427875906229019, 0.0766044408082962, 0.935721218585968]}, "Camera0122": {"frame": 122, "pose": [0.7607625722885132, 0.6450679302215576, -0.07160773128271103, 0.10090567171573639, -0.008566002361476421, 0.9948590993881226, 0.6411383152008057, -0.7640772461891174, -0.07160770148038864, -0.0766044408082962, 0.06427875906229019, 0.923395574092865]}, "Camera0123": {"frame": 123, "pose": [0.8597274422645569, 0.5041401982307434, -0.08192320168018341, 0.11200974881649017, -0.029607495293021202, 0.9932659268379211, 0.49831974506378174, -0.8631141781806946, -0.0819229930639267, -0.08660253882408142, 0.05000000074505806, 0.9133974313735962]}, "Camera0124": {"frame": 124, "pose": [0.933047890663147, 0.3482813835144043, -0.09012053161859512, 0.11572827398777008, -0.05338907614350319, 0.9918450117111206, 0.3406297266483307, -0.9358683824539185, -0.09012056887149811, -0.09396926313638687, 0.03420201316475868, 0.9060307145118713]}, "Camera0125": {"frame": 125, "pose": [0.9786213040351868, 0.18194076418876648, -0.09590540826320648, 0.11146214604377747, -0.07727815210819244, 0.9907594323158264, 0.17284813523292542, -0.9802681803703308, -0.09590554982423782, -0.09848077595233917, 0.01736481860280037, 0.901519238948822]}, "Camera0126": {"frame": 126, "pose": [0.9950371980667114, 0.009853718802332878, -0.0990147516131401, 0.09950385242700577, -0.09852345287799835, 0.9901475310325623, 1.359963221148064e-06, -0.9950859546661377, -0.09901498258113861, -0.10000000149011612, 8.572527306351685e-17, 0.8999999761581421]}, "Camera0127": {"frame": 127, "pose": [0.9816173911094666, -0.16303642094135284, -0.0992293432354927, 0.08106154203414917, -0.1145511195063591, 0.9901045560836792, -0.17278994619846344, -0.9799475073814392, -0.09922938048839569, -0.09848077595233917, -0.01736481860280037, 0.901519238948822]}, "Camera0128": {"frame": 128, "pose": [0.9384693503379822, -0.3316391706466675, -0.0963888019323349, 0.05818779021501541, -0.12327136844396591, 0.99066561460495, -0.3404254913330078, -0.9353179335594177, -0.0963890478014946, -0.09396926313638687, -0.03420201316475868, 0.9060307145118713]}, "Camera0129": {"frame": 129, "pose": [0.8665536642074585, -0.49082615971565247, -0.09041242301464081, 0.03360212594270706, -0.1233680471777916, 0.9917919039726257, -0.4979514181613922, -0.8624789714813232, -0.09041223675012589, -0.08660253882408142, -0.05000000074505806, 0.9133974313735962]}, "Camera0130": {"frame": 130, "pose": [0.7677571177482605, -0.6355592608451843, -0.08132336288690567, 0.010405324399471283, -0.11453689634799957, 0.9933645129203796, -0.6406565308570862, -0.7635088562965393, -0.08132331073284149, -0.0766044408082962, -0.06427875906229019, 0.923395574092865]}, "Camera0131": {"frame": 131, "pose": [0.6449224948883057, -0.7611016631126404, -0.06927661597728729, -0.008303255774080753, -0.09761941432952881, 0.9951891899108887, -0.7642028331756592, -0.6412447094917297, -0.06927657872438431, -0.06427875906229019, -0.0766044408082962, 0.935721218585968]}, "Camera0132": {"frame": 132, "pose": [0.5018388628959656, -0.8632375597953796, -0.054577331990003586, -0.019865112379193306, -0.07458388060331345, 0.9970168471336365, -0.8647329807281494, -0.4992576539516449, -0.05457740277051926, -0.05000000074505806, -0.08660253882408142, 0.949999988079071]}, "Camera0133": {"frame": 133, "pose": [0.34311309456825256, -0.9385374188423157, -0.03769545629620552, -0.022495372220873833, -0.048330847173929214, 0.9985780119895935, -0.9390246868133545, -0.3417772054672241, -0.03769569471478462, -0.03420201316475868, -0.09396926313638687, 0.9657979607582092]}, "Camera0134": {"frame": 134, "pose": [0.17398786544799805, -0.9845595359802246, -0.019254520535469055, -0.015614415518939495, -0.022308554500341415, 0.9996291995048523, -0.9846239686012268, -0.1736227124929428, -0.019254740327596664, -0.01736481860280037, -0.09848077595233917, 0.9826352000236511]}, "Camera0135": {"frame": 135, "pose": [1.5060094256114098e-06, -1.0, 0.0, 7.549790126404332e-08, 1.1370053932657082e-13, 1.0, -1.0, -1.5060094256114098e-06, 7.549790126404332e-08, -2.694841939134457e-16, -0.10000000149011612, 1.0]}, "Camera0136": {"frame": 136, "pose": [-0.17325645685195923, -0.9846885204315186, 0.01925431191921234, 0.022302471101284027, 0.015622327104210854, 0.9996291995048523, -0.9846242070198059, 0.17362163960933685, 0.019254319369792938, 0.01736481860280037, -0.09848077595233917, 1.0173648595809937]}, "Camera0137": {"frame": 137, "pose": [-0.34044507145881653, -0.9395084977149963, 0.03769552707672119, 0.048298563808202744, 0.022563837468624115, 0.9985780715942383, -0.9390231370925903, 0.3417816162109375, 0.03769516572356224, 0.03420201316475868, -0.09396926313638687, 1.034201979637146]}, "Camera0138": {"frame": 138, "pose": [-0.49667003750801086, -0.8662217855453491, 0.05457748472690582, 0.0745241641998291, 0.020088104531168938,